"","baseMean","log2FoldChange","lfcSE","stat","pvalue","padj"
"15S_rRNA",16.6469073423169,-0.792564544856381,0.474065953273874,-1.67184447518953,0.0945549941268208,0.13097942098236
"21S_rRNA",103.842005512211,-0.624441764011956,0.40926216289801,-1.52577448056826,0.127066038215461,0.170620198493882
"HRA1",2.79951020061134,-0.924083052985434,0.320681951269824,-2.88161852990568,0.0039563839757456,0.00689885053717465
"ICR1",136.480461883023,0.261426579010504,0.0536298719507544,4.87464484812791,1.09004380305547e-06,2.80209690628498e-06
"LSR1",186.749656382011,-0.558901786669007,0.214632494489573,-2.60399427401781,0.00921442962108542,0.0152297120046724
"NME1",25.0084350173305,-0.0198719461887089,0.156418138928082,-0.127043745213243,0.89890577536402,0.925142700971636
"PWR1",0,NA,NA,NA,NA,NA
"Q0010",0,NA,NA,NA,NA,NA
"Q0017",0,NA,NA,NA,NA,NA
"Q0032",0,NA,NA,NA,NA,NA
"Q0045",1.5892256441115,0.414150860538189,0.496771307260363,0.833685147441754,0.404458429855939,0.478281080099127
"Q0050",9.97635847799528,-0.400759127778526,0.438830494525685,-0.91324357075889,0.36111445316729,0.433223983839865
"Q0055",6.59349225150902,-0.573449962650375,0.484456617205079,-1.18369724405606,0.236532930308441,0.297732850428503
"Q0060",0.25058439534409,-1.00923865241813,1.17898279474019,-0.856024919889128,0.391983995614545,0.465183968948631
"Q0065",0.31837526605269,-0.718739138871644,0.840212735736589,-0.855425189718825,0.392315803384987,0.465460574592157
"Q0070",0.0262004339683852,-0.576434769892804,2.9566127034175,-0.194964585394128,0.845420672327347,0.883032008038236
"Q0075",0.108980067590172,-0.576431768230886,1.82573614231061,-0.315725670797844,0.752210740131191,0.802988467002245
"Q0080",0,NA,NA,NA,NA,NA
"Q0085",0.628801099369643,-0.276508548282073,0.800843552477851,-0.345271616942587,0.729890182544197,0.784517900893989
"Q0092",0,NA,NA,NA,NA,NA
"Q0105",0.73660771819381,-0.371934497015988,0.724878913065525,-0.513098795277504,0.607882214205192,0.675544709453557
"Q0110",0.0928595391613739,-0.432163058816801,1.86267372042763,-0.232012216673989,0.81652852514604,0.858328197506052
"Q0115",0,NA,NA,NA,NA,NA
"Q0120",0.272130534154358,0.505312960022986,0.920303439079205,0.549072119657152,0.582955957630392,0.652800591329882
"Q0130",3.52666252102372,-0.273318911439818,0.410791755409032,-0.665346633278144,0.505828810113587,0.579064134593337
"Q0140",0,NA,NA,NA,NA,NA
"Q0142",0,NA,NA,NA,NA,NA
"Q0143",0,NA,NA,NA,NA,NA
"Q0144",0,NA,NA,NA,NA,NA
"Q0160",1.48530443656541,-1.05982194387568,0.576483284159075,-1.83842614868123,0.0659996349293334,0.0942519179320914
"Q0182",0,NA,NA,NA,NA,NA
"Q0250",1.59313656435258,-0.0408799890033177,0.583569213102298,-0.0700516546889042,0.944152546086415,0.957374021893934
"Q0255",0.0427077537644756,-0.143630671664144,2.9566127034175,-0.0485794678140033,0.961254432953276,0.971421954500601
"Q0275",1.66281184196953,-1.07514169266362,0.613808007343924,-1.75159281045548,0.079843849713491,0.112159657377804
"Q0297",0,NA,NA,NA,NA,NA
"RDN18-1",0,NA,NA,NA,NA,NA
"RDN18-2",0,NA,NA,NA,NA,NA
"RDN25-1",0,NA,NA,NA,NA,NA
"RDN25-2",0,NA,NA,NA,NA,NA
"RDN37-1",0,NA,NA,NA,NA,NA
"RDN37-2",0,NA,NA,NA,NA,NA
"RDN5-1",83.2112658422119,-0.323676987982767,0.346048960624627,-0.935350267772867,0.349607817560237,0.421108768516349
"RDN5-2",3.99246588984765,0.249440848826661,0.320346099117165,0.778660484750994,0.436179739125541,0.50941942707039
"RDN5-3",0,NA,NA,NA,NA,NA
"RDN5-4",0,NA,NA,NA,NA,NA
"RDN5-5",0,NA,NA,NA,NA,NA
"RDN5-6",42.3854609747775,-0.334221147865265,0.432760321550809,-0.772300812300845,0.439936284425839,0.513022834474545
"RDN58-1",0,NA,NA,NA,NA,NA
"RDN58-2",0,NA,NA,NA,NA,NA
"RNA170",14.2140353022277,0.517832870915099,0.143177367966486,3.61672293791788,0.0002983563583724,0.000601169709796057
"RPM1",0,NA,NA,NA,NA,NA
"RPR1",49.1865615033173,-1.26552897137334,0.167459450556052,-7.55722634447397,4.11755099124581e-14,1.89419443738101e-13
"RUF20",121.470880601983,0.0780132565321044,0.126313703663984,0.61761514601482,0.536829058172472,0.608978741947301
"RUF21",36.9109048408407,-0.152559272107998,0.356537710370051,-0.427890985078848,0.668730490728012,0.729726688724302
"RUF22",0.151141029778397,-0.432162017853538,1.33159465883495,-0.324544721613444,0.745525669916266,0.798081401082165
"RUF23",7.30987765885541,0.34657113848959,0.187746206167344,1.84595548194822,0.0648986696785118,0.0928338425282767
"RUF5-1",300.065133405378,-0.227632686631699,0.11761286073954,-1.93544043738383,0.0529362711471577,0.0770521813841088
"RUF5-2",200.013055125056,-0.224328851951101,0.122511127534943,-1.83108960357186,0.0670871700307114,0.0956791328734827
"SCR1",460.430714629942,-0.787052386268761,0.404742013322278,-1.94457792955155,0.0518257977440737,0.0755797461694897
"SRG1",195.068704160417,-1.26364029315082,0.112474870771482,-11.2348677040776,2.74905337231001e-29,2.96406554045777e-28
"TLC1",1464.2694183023,0.162113622604476,0.0577764579244427,2.80587679529404,0.00501798747783863,0.0086253712793733
"YAL001C",534.673938667854,0.329681746079939,0.0512658184123347,6.43082966955263,1.26909310933597e-10,4.55879451651286e-10
"YAL002W",468.307190540888,-0.203760467976443,0.0512309679037972,-3.97729100802993,6.9704839668711e-05,0.000150738633159718
"YAL003W",8338.62516181796,-0.827417880552579,0.060742591005825,-13.6217087030949,2.97524148365565e-42,5.01634464854588e-41
"YAL004W",0,NA,NA,NA,NA,NA
"YAL005C",11198.1066626624,-0.699222979066844,0.0822280914392509,-8.50345626206613,1.84027890295416e-17,1.03934963656992e-16
"YAL007C",1067.58637512694,0.2530835970568,0.0358483988802933,7.05982986581658,1.66706586454881e-12,6.85869980994691e-12
"YAL008W",434.855114019392,0.269274359590626,0.0641706404652958,4.19622365677109,2.71402246181549e-05,6.11722166278793e-05
"YAL009W",341.333476571892,0.235702887290403,0.0391368463867417,6.02253142629939,1.71710015850001e-09,5.59807203332776e-09
"YAL010C",327.430654100313,0.0688956118479272,0.0487033941287254,1.41459569872754,0.157187070658105,0.207143651160365
"YAL011W",409.914258809821,0.283306653410543,0.0423672506616919,6.68692560847964,2.27907655934474e-11,8.61415805040245e-11
"YAL012W",5737.47458960026,0.331931898696771,0.0729573732136634,4.54966899266882,5.37303683811687e-06,1.30098980673727e-05
"YAL013W",1249.9039823561,0.392026871881705,0.0614725368553482,6.37726848339102,1.80274271175755e-10,6.37586998158366e-10
"YAL014C",1150.84465995375,0.332287033153105,0.0717192877668129,4.6331613642553,3.60123616123855e-06,8.84115044723769e-06
"YAL015C",487.555338645181,0.520662070528339,0.0486458223545909,10.7031199253475,9.84079288609045e-27,9.45458299768383e-26
"YAL016C-A",24.9010718088678,-0.376787268908113,0.187258116331786,-2.01212783877692,0.0442064627734025,0.0653548801672547
"YAL016C-B",50.1128453721935,0.791294434986955,0.129346557188473,6.11763043552792,9.49770132850915e-10,3.17004791066543e-09
"YAL016W",1629.44461331181,-0.00157975835346169,0.0199341499704823,-0.0792488446109279,0.936834694346536,0.953044345224759
"YAL017W",1123.95201049538,0.0376433933003855,0.0542105144981705,0.694392843322967,0.487435880627329,0.560714284755083
"YAL018C",2.86128174590999,-0.221790791205762,0.324333882662748,-0.68383478588448,0.494079497934002,0.567313114052412
"YAL019W",618.46355322209,-0.616131813942472,0.0903677912891042,-6.81804661985537,9.22866978028969e-12,3.57455064293991e-11
"YAL019W-A",0.910155052855141,0.442649898297669,0.592180411383022,0.747491625506274,0.454766856021241,0.528257548559628
"YAL020C",460.842307561812,0.290342800777885,0.0819497414856289,3.54293736031859,0.000395696679316725,0.000787842968746672
"YAL021C",1125.2015619029,-0.24379804473782,0.0538994452906706,-4.52320136919885,6.09112386717484e-06,1.46763016050073e-05
"YAL022C",1101.82452776722,0.197916176566422,0.0707072928093165,2.79909141904447,0.00512466262772749,0.00879335350863992
"YAL023C",3641.63819399271,-0.0523088642728054,0.0409857442761924,-1.27626971759521,0.201860191051925,0.2591148076593
"YAL024C",255.257735803674,0.147737355398226,0.0567046270138002,2.60538448409635,0.00917712131881633,0.0151718171391678
"YAL025C",693.814748802225,-1.29601171001397,0.124934275183526,-10.3735480764598,3.27147462245839e-25,2.90755477104538e-24
"YAL026C",858.605478043407,-0.0610822225332672,0.0437201639908538,-1.39711787325513,0.162378127907731,0.213289887698545
"YAL026C-A",21.0762549805718,0.54569858390818,0.241753075439243,2.25725601594394,0.0239920820266343,0.0371380585646303
"YAL027W",232.717009940646,-0.116214119821603,0.0449518309135656,-2.58530336717678,0.00972933505072265,0.0160422089678622
"YAL028W",455.659490351004,0.193904890157234,0.0608297023853617,3.1876679081681,0.00143425157821096,0.00265506367236631
"YAL029C",1217.53113440913,-0.0982593306533232,0.0475344635058604,-2.06711769537925,0.0387230650834959,0.0578700770604754
"YAL030W",728.989881772831,0.397166211263933,0.0739119469520363,5.37350492907008,7.72206933973232e-08,2.20506911531833e-07
"YAL031C",506.999347623631,0.237492817248989,0.0466668629072192,5.08911039769611,3.59747146222091e-07,9.66302467341571e-07
"YAL031W-A",9.48161800696518,0.819917934699048,0.204229332428785,4.01469233115647,5.95233890317817e-05,0.00012961740840444
"YAL032C",604.846907981544,0.316428404573244,0.047984955078266,6.59432532670151,4.27194035668774e-11,1.58675365624487e-10
"YAL033W",248.415553697816,-0.182832137654438,0.0506199316644414,-3.61186061779831,0.000304007960100309,0.000611661526039785
"YAL034C",565.179486357955,0.0730485346389595,0.0593031847112764,1.2317809742361,0.218030912238673,0.277336287960397
"YAL034C-B",28.4795383066837,-0.110851345657566,0.177297558385188,-0.625227705712316,0.531821620478436,0.603995530340294
"YAL034W-A",129.455073769438,0.378753531634283,0.0621210309842542,6.09702584830387,1.08060051926682e-09,3.58238601061996e-09
"YAL035W",4215.80263568465,-0.413306631816995,0.0569853956475187,-7.25285184248767,4.08086404441156e-13,1.74578754735741e-12
"YAL036C",518.095173051309,-0.678121289368796,0.0889199813040954,-7.62619694047961,2.41780376128814e-14,1.12075957371302e-13
"YAL037C-A",26.3451587645333,-0.705020896045305,0.380402756159259,-1.85335380627511,0.0638316637268271,0.0914377412653359
"YAL037C-B",188.104631291185,-0.470488739365527,0.287973236996829,-1.63379327979255,0.102302263892673,0.140775609785497
"YAL037W",64.5222132780166,0.507555319828446,0.0882305928441621,5.75260012958226,8.7881184562711e-09,2.69881548485218e-08
"YAL038W",20085.8935607952,-1.10831838086729,0.0996617485591708,-11.1208000751589,9.93767754716437e-29,1.04209274156926e-27
"YAL039C",1920.08043178107,0.148044566820677,0.0819003093796433,1.80761914017231,0.0706657972031418,0.100270218432428
"YAL040C",788.006795663154,-0.189388056306791,0.0801704821588326,-2.36231654353255,0.0181611277260965,0.028686658467926
"YAL041W",671.110504814736,-0.0524227486370961,0.0336727770132083,-1.55682878832752,0.119511140259544,0.161611388607314
"YAL042C-A",0.215585227919407,-0.576430860334034,0.963539422418881,-0.598243151159249,0.549677702731062,0.621346628709561
"YAL042W",3579.70566501058,0.187292078964773,0.0586949158162743,3.19094211755974,0.00141809687506964,0.00262940388237306
"YAL043C",873.767852737093,0.120482288900851,0.0549283825115062,2.19344323266051,0.0282754603617512,0.0432910954436872
"YAL044C",1142.58990330318,-0.96482187958074,0.111844305495064,-8.62647298233094,6.32729399782503e-18,3.67303421190197e-17
"YAL044W-A",52.563534522351,0.598924622415374,0.0844485702839783,7.09218190907612,1.32013822654883e-12,5.45419270896659e-12
"YAL045C",2.57040828393406,0.321180848556043,0.336210091398978,0.955298061457946,0.339426987555769,0.409887667273231
"YAL046C",297.796841833586,0.182158009607892,0.0947085067739395,1.92335425626218,0.0544355749981048,0.0791340491149542
"YAL047C",199.687493555684,0.101938024040614,0.0478203032570832,2.13168920097793,0.0330324051727292,0.0499406406996053
"YAL047W-A",0.708624108496303,0.7932621996275,0.706475265629744,1.12284497167837,0.261503341789895,0.325530490078301
"YAL048C",141.19114139535,-0.395274121256104,0.059072219172331,-6.69137077960409,2.21089683176301e-11,8.3656541835521e-11
"YAL049C",740.496911968708,0.34465394710159,0.0439139690729802,7.84838980345441,4.21412667493086e-15,2.03717339401612e-14
"YAL051W",493.572349012764,0.0391400528136409,0.0319053929512059,1.22675351071523,0.219915248787802,0.279371559817413
"YAL053W",3872.28532287164,0.412457508692654,0.0661999264801521,6.23048288152277,4.64999641073104e-10,1.59776849697397e-09
"YAL054C",368.752280774478,0.724713438241177,0.0801091877468194,9.04657079449604,1.47528575574775e-19,9.47571495218371e-19
"YAL055W",402.982217710234,0.391459941941644,0.0926479463931995,4.22524143471331,2.38684740085768e-05,5.41885256452146e-05
"YAL056C-A",3.99403913217673,0.337428441512453,0.282300525189199,1.19528095559265,0.231977277938594,0.292748430552117
"YAL056W",1263.88112871717,0.282191818686782,0.0320045969184127,8.81722770657463,1.17328480443512e-18,7.12358885234701e-18
"YAL058W",259.971486133771,-0.136321522348883,0.0528660934349064,-2.57861917708625,0.00991960760104444,0.0163218567247908
"YAL059C-A",0,NA,NA,NA,NA,NA
"YAL059W",106.836638786339,-0.953340694228231,0.139486594634072,-6.83464025148237,8.22110711998465e-12,3.19689066582105e-11
"YAL060W",1508.44031313186,-0.312369977873062,0.0927209804302316,-3.36892444863767,0.000754621103152252,0.0014451666393609
"YAL061W",1390.13664155692,-2.06397506061449,0.101432798740756,-20.3482018266069,4.81619939407841e-92,1.77169174501954e-90
"YAL062W",508.294381369701,0.297160138739349,0.0612983709556667,4.84776567642012,1.24859757239159e-06,3.19060278621164e-06
"YAL063C",343.750226690205,0.105553166593017,0.0700599967288583,1.50661106938846,0.131910378387996,0.176504861492127
"YAL063C-A",5.70009135067754,1.28196758742674,0.274251396848709,4.67442500624323,2.94778323986193e-06,7.29679773552004e-06
"YAL064C-A",43.6931540110011,-0.0885243009755,0.128561165063542,-0.688577308176588,0.491089305019225,0.564539326408297
"YAL064W",8.2960123583059,1.5885116202553,0.218958511914074,7.25485210129068,4.02100959211253e-13,1.72232409614832e-12
"YAL064W-B",23.949035481747,-0.41072027079985,0.125220511289135,-3.27997599252326,0.00103815920425895,0.00195122873390637
"YAL065C",35.2427376376826,0.121123022201314,0.102853934647022,1.17762166918542,0.238947467164484,0.300277608079007
"YAL066W",0.433596240373359,0.66392212942506,0.749623637351796,0.885673952025453,0.375793248572895,0.448847564642584
"YAL067C",38.2332635411947,1.35401291782602,0.1021714064819,13.2523664344965,4.37196731985274e-40,6.92966893854079e-39
"YAL067W-A",0.761429404686765,-0.16505002495387,0.593977075277353,-0.277872719038527,0.781110066541433,0.827962536170895
"YAL068C",11.0934163351759,0.389480827151065,0.169374580872619,2.29952348897017,0.021475231133223,0.0335060365083785
"YAL068W-A",0.0259962484048761,-0.287898914598924,2.9566127034175,-0.0973745780995078,0.922428932511171,0.941731764135403
"YAL069W",0,NA,NA,NA,NA,NA
"YAR002C-A",1564.98976280091,0.242703937093342,0.0348459857625314,6.96504724381518,3.28293562715461e-12,1.31451188470294e-11
"YAR002W",747.147458401089,-0.21108126278819,0.0507584291893135,-4.15854600229888,3.20279738200312e-05,7.16023503113405e-05
"YAR003W",505.823936968117,0.129132555684724,0.0351566252378432,3.67306460193807,0.000239658863374479,0.000487178877409292
"YAR007C",715.575989206644,0.52839796790232,0.0390913442107465,13.5170068609987,1.24124056144136e-41,2.05746839088076e-40
"YAR008W",256.49740510742,0.584060583647581,0.0429367601281016,13.6028098511634,3.85339682983713e-42,6.46524799815844e-41
"YAR009C",1238.09442591238,-2.51318722433984,0.046052972326649,-54.5716616620109,0,0
"YAR010C",592.786868083909,-0.547737330857787,0.0494533639026137,-11.075835648641,1.64339784583918e-28,1.70255026830236e-27
"YAR014C",948.004412609691,-0.122812369964758,0.0424726912784819,-2.89156081868018,0.00383333389840779,0.00670127163586968
"YAR015W",1946.00253391104,-1.23584708163996,0.127581865087642,-9.68669866043268,3.43451003899446e-22,2.56525456658446e-21
"YAR018C",328.991619370904,0.232287778232011,0.0401226558348351,5.78944173556764,7.06207480287223e-09,2.19223883433926e-08
"YAR019C",316.341708552748,0.149533953009833,0.047802309182786,3.12817425698091,0.00175895863146368,0.00321719660351997
"YAR019W-A",5.27096483809233,0.356618972793392,0.229783845038875,1.55197582638179,0.120668007849948,0.162951555948134
"YAR020C",41.6451698959262,0.186944934067561,0.0863123732395052,2.16591117879257,0.0303179749110575,0.0461818754236414
"YAR023C",90.6535685403644,-0.0125966574070359,0.0657726729697391,-0.191518100729028,0.848119700673638,0.885044815068865
"YAR027W",853.927231164314,0.0390524202417694,0.0848674406133001,0.460157864542097,0.645402912512384,0.709160118337421
"YAR028W",348.308537740761,0.0432272542702043,0.0657232121352825,0.657716701083123,0.510720188627813,0.583498451680904
"YAR029W",22.9776736170361,-0.252185535035624,0.155834197838859,-1.61829392092997,0.105599270167274,0.14484892910881
"YAR030C",26.9746815064787,-0.000550946735521152,0.143392844782699,-0.00384221915923398,0.996934360196455,0.997939522276479
"YAR031W",179.582815063536,-0.00850674154622384,0.0545814938520909,-0.1558539524271,0.876148142301506,0.908533225336469
"YAR033W",270.9237052798,0.0120109535272733,0.045660948515832,0.263046518254187,0.792514724839143,0.837950936392324
"YAR035C-A",3.05872990821093,1.63024455208047,0.394270401234391,4.13483879838927,3.55203877757735e-05,7.90248213161532e-05
"YAR035W",307.470318589744,1.09290713284787,0.101449251483457,10.7729442737789,4.61986659927211e-27,4.49505832197919e-26
"YAR042W",1276.52769614213,0.0608159927923372,0.0536865302334107,1.13279797610183,0.257299101582584,0.320935724349338
"YAR047C",8.03596276109957,-0.400285907505615,0.205138896220754,-1.95129209954829,0.0510223083521452,0.0744553371137901
"YAR050W",288.040686853251,-0.169901617025059,0.0926810317654538,-1.83318650848672,0.0667748395571392,0.095279842628824
"YAR053W",13.1808783902117,1.39302827523661,0.172205212449359,8.08935023175483,5.99838607919161e-16,3.09781515305999e-15
"YAR060C",3.56692924495267,0.142117730056429,0.267289605767215,0.531699426352555,0.594934189307462,0.662804454215224
"YAR061W",3.91131334219586,-0.154626771859008,0.274041107028229,-0.564246632688871,0.572586295485133,0.643257717284663
"YAR062W",8.97970336326417,-0.262110750756386,0.178236383972111,-1.47057937843599,0.141404904185601,0.188184239870913
"YAR064W",21.4778013396638,-0.185551189705899,0.118902816358164,-1.56052813035962,0.118635127684148,0.160489880696019
"YAR066W",55.4309672971947,0.101542792750719,0.0935462688226988,1.08548201899079,0.277708223298294,0.343960185104243
"YAR068W",194.840826784638,0.972888775331115,0.104095121261681,9.34615151545287,9.08949418873339e-21,6.30944808519647e-20
"YAR069C",2.18128418818057,-0.836734546689208,0.363081889866301,-2.30453396339135,0.0211926880909626,0.0330877216018456
"YAR070C",4.63379777696582,-0.592077689118048,0.232016710066901,-2.5518752030719,0.0107144889259999,0.0175112780522579
"YAR071W",1603.06999361382,-4.18621692617681,0.0613044385117124,-68.285707002716,0,0
"YAR073W",231.272239820812,-1.33772736525035,0.0572309740140759,-23.3741848412598,7.82475308970138e-121,3.58843176693705e-119
"YAR075W",149.351974515713,-1.00134106894585,0.0865528747163045,-11.5691254880667,5.90817872606809e-31,6.78503530160641e-30
"YBL001C",1031.44656918748,0.635471191391587,0.0509625705339521,12.4693708487139,1.09688649460229e-35,1.50308410286238e-34
"YBL002W",2635.39637723617,0.227340365479478,0.0652201344912229,3.48573898617263,0.000490779618768827,0.000965419787678227
"YBL003C",4855.12233308497,0.522858538121021,0.0574521339493116,9.10076792939186,8.96953543001331e-20,5.84293884688083e-19
"YBL004W",1131.36382689485,-0.519153269911788,0.100865599230714,-5.14698047571507,2.64712866510012e-07,7.22316465181425e-07
"YBL005W",525.7128299129,-1.28733057102397,0.0409845504373413,-31.410142536322,1.47096666098449e-216,1.24923205690276e-214
"YBL005W-A",0,NA,NA,NA,NA,NA
"YBL005W-B",1408.33672756419,-2.20246151873404,0.0462087532627243,-47.6632967397266,0,0
"YBL006C",778.009599737316,-0.203007903790266,0.0787280959753915,-2.57859537024396,0.00992029117115137,0.0163218567247908
"YBL006W-A",0,NA,NA,NA,NA,NA
"YBL007C",2907.15861632524,0.0395149800560328,0.0576257309307379,0.685717637204932,0.492891182590176,0.566326782201072
"YBL008W",296.456588531466,-0.0682973967864036,0.0496260272502266,-1.37624147187989,0.168746886382777,0.220854229723577
"YBL008W-A",2.17647955666444,-0.0769800216714336,0.362159222743918,-0.212558501446382,0.831671342744465,0.871848090024257
"YBL009W",272.228397478133,-0.195198858831866,0.0908966705740365,-2.14748084389817,0.0317550206326737,0.0482213657686892
"YBL010C",193.137265268447,0.419725334968674,0.0421262815046716,9.96350306689492,2.20165399621347e-23,1.76106719069215e-22
"YBL011W",1413.45193532168,0.0443720073529065,0.0354022105429489,1.25336826916714,0.210071713702549,0.268602847315954
"YBL012C",8.95315405690961,-0.259452774324815,0.188939483484257,-1.3732056928505,0.169688410419022,0.222002011272813
"YBL013W",43.9691315454041,-0.111156222347742,0.0887392749548504,-1.25261585024553,0.210345543669559,0.26890299106168
"YBL014C",238.594111520598,-0.224115458439995,0.0929626086783526,-2.41081292388671,0.0159170104411494,0.0253807953667652
"YBL015W",1065.17650800283,0.652445840426196,0.0764699483356692,8.53205546265375,1.43770096164255e-17,8.17350819432985e-17
"YBL016W",489.186583411619,-0.356862985997001,0.0652315891533558,-5.47070814353512,4.48240929722784e-08,1.31099037226319e-07
"YBL017C",2411.61297479618,0.145148293347253,0.0405954638072529,3.57548060138976,0.000349585098038625,0.000699271849202589
"YBL018C",258.924113157208,-0.0582169349599844,0.0825210856969144,-0.705479508277497,0.4805118799126,0.553953615203414
"YBL019W",204.037600814486,0.188096330676931,0.0531194427737126,3.54100722551282,0.000398602662286143,0.000792794841005614
"YBL020W",435.109509724729,-0.10050803227134,0.0545422853865911,-1.84275432462991,0.0653648883860612,0.0934230349486215
"YBL021C",339.285602568438,0.0582327729914923,0.0721125726862109,0.807525939268387,0.419363536222112,0.492348030736761
"YBL022C",1560.3454184962,-0.261080322756214,0.035158301561064,-7.42585139679632,1.1205675089973e-13,5.0021959081067e-13
"YBL023C",562.249357301532,0.175766573971519,0.0370121370730268,4.74889017147868,2.04535974185889e-06,5.14443497778696e-06
"YBL024W",806.552911549691,-0.683392743204751,0.0739394344563494,-9.24260170813447,2.40575104005785e-20,1.62565436194086e-19
"YBL025W",138.925486585573,0.0378934010208469,0.0578108806284019,0.655471783320841,0.512164047667086,0.584856654034178
"YBL026W",444.105221065322,-0.0209841043357125,0.0579936103166302,-0.36183476457397,0.717475511507075,0.773591542892973
"YBL027W",14356.5160291442,-0.341883259197145,0.0472464783292323,-7.23616386420944,4.6155361895346e-13,1.95989342270423e-12
"YBL028C",203.780691902774,-1.02332997428961,0.147352876285523,-6.94475737485244,3.79111313234512e-12,1.5109540693744e-11
"YBL029C-A",266.941840130305,0.230802748010818,0.0942199427782959,2.44961672874189,0.0143008347873663,0.0229741808739591
"YBL029W",323.681012302621,0.283792897278142,0.0640522987698707,4.43064343869629,9.39523280647766e-06,2.21866826212701e-05
"YBL030C",3814.07962186339,0.356803004372064,0.0598440649560097,5.96221203613664,2.48845941373991e-09,8.02536910788411e-09
"YBL031W",216.68747698389,-0.139723988487264,0.0678982943772083,-2.0578423916075,0.039605265257359,0.0590729877938796
"YBL032W",1307.74477246652,-0.193259465729248,0.0327573668523074,-5.89972529234701,3.64107286256725e-09,1.157972270994e-08
"YBL033C",1179.93698843755,0.258160489605771,0.0926681220697041,2.78586080995129,0.00533857898789526,0.00913290848630956
"YBL034C",231.966003227794,0.0205612103884774,0.046674307721957,0.440525235231391,0.659556739295044,0.721662288788071
"YBL035C",193.050192570309,0.0593872322724078,0.0491141033610892,1.20916861366256,0.22659807319103,0.286801866693854
"YBL036C",551.149082385367,0.0184526859548815,0.0480929813541491,0.383687711497834,0.701209921609917,0.759745322216825
"YBL037W",474.675338980181,-0.307302565554996,0.0345610005233881,-8.89159922748873,6.02356078363873e-19,3.7229177565724e-18
"YBL038W",494.840982230817,-0.0177318430156613,0.0330836451108036,-0.535970052763954,0.591979247799344,0.660432248720675
"YBL039C",737.729904093851,-1.26623442282416,0.112456899479973,-11.2597308718231,2.07391098170155e-29,2.24668246348425e-28
"YBL039C-A",0,NA,NA,NA,NA,NA
"YBL039W-B",120.460585096367,0.657705862440424,0.0847498630825511,7.76055368726415,8.45593987384645e-15,4.0199316096883e-14
"YBL040C",956.788412626034,0.37678251947307,0.0476702605972878,7.90393244660607,2.70239518490448e-15,1.32123500191599e-14
"YBL041W",3139.85622292316,0.397337813254169,0.0489757646293735,8.11294762340194,4.94063708778131e-16,2.5630952131861e-15
"YBL042C",508.510721786325,0.334352138490999,0.0447141494456729,7.47754665214492,7.57228908007125e-14,3.4292150481771e-13
"YBL043W",101.692833110278,0.671612185634233,0.106161642479365,6.32631683109814,2.51082022796768e-10,8.77193110624157e-10
"YBL044W",73.2430642915198,3.21562442186429,0.120307565932238,26.7283640637818,2.20389281453753e-157,1.31831118880032e-155
"YBL045C",1807.7700659854,0.0473276180094984,0.0602063436968581,0.78609022078795,0.431814633050229,0.504921444968983
"YBL046W",824.807230121299,0.314558865594198,0.0669534774407739,4.69817069430714,2.62502008131573e-06,6.5354734489218e-06
"YBL047C",3688.69121351456,-0.0648459790610882,0.048349218594693,-1.34120014647364,0.179855478844549,0.233703407437033
"YBL048W",23.424633466647,0.520981885257233,0.141786978144722,3.67439867944337,0.00023841022605176,0.000484993806547517
"YBL049W",116.131547302504,0.600807018470918,0.0592439565896144,10.1412372342505,3.62479197878303e-24,3.03714299903148e-23
"YBL050W",1239.38044386886,0.282248657770414,0.0440153279109682,6.41250835030314,1.43144582304549e-10,5.1259322315096e-10
"YBL051C",1188.93299216393,-0.38902581699152,0.0489300016873397,-7.95066019979676,1.85520163856046e-15,9.20110459384096e-15
"YBL052C",338.824496138045,-0.106452647203498,0.0736084619281558,-1.44620121674868,0.148120772554124,0.1961730447439
"YBL053W",5.64353072852488,-0.053409549609605,0.248360283442951,-0.215048673923233,0.829729369893902,0.870471637066071
"YBL054W",206.499517490947,-1.39781288926846,0.150023469828478,-9.31729475972378,1.19344310864489e-20,8.21791305742561e-20
"YBL055C",685.236978417904,-0.309736402762021,0.0404070245876442,-7.66540981235064,1.78261090732875e-14,8.32490185438862e-14
"YBL056W",2565.37298139278,-0.230759672538381,0.0406595283417469,-5.67541439730499,1.38353316915095e-08,4.18527909876403e-08
"YBL057C",876.205100870166,0.073095465806276,0.0773090999664616,0.945496271952286,0.34440557320464,0.415351672172987
"YBL058W",2326.66869134158,-0.0756997608685373,0.0289799705153166,-2.61214071382607,0.00899772116238516,0.0149037620698405
"YBL059C-A",194.047161640966,0.00496822619064406,0.0598059429078381,0.0830724498115543,0.933793931974599,0.950794620789411
"YBL059W",162.712801921966,0.1657208127623,0.0663514622841917,2.49762110822059,0.0125029749119458,0.0202514632491819
"YBL060W",319.024239005176,0.217486119951314,0.0390901237637313,5.56371019098954,2.64098411843661e-08,7.84088465719699e-08
"YBL061C",665.954484987806,-0.373743181070482,0.0451961199624327,-8.26936430342117,1.34675161313537e-16,7.23208770238738e-16
"YBL062W",2.77245053861261,-0.00914194571158935,0.31714267903164,-0.0288259711354626,0.977003387512839,0.984300864484596
"YBL063W",279.88690787058,-0.162328718592458,0.0668544900048678,-2.42808999934991,0.0151785761587994,0.0242878402875974
"YBL064C",1035.07854526054,0.0359684945676422,0.066733376387261,0.538988082348974,0.58989507785742,0.658855047991751
"YBL065W",2.04431329685631,-0.0627984259014237,0.360627627134155,-0.174136480891583,0.861758203561317,0.896851902201684
"YBL066C",340.376202935196,0.427494747993757,0.047934102430172,8.91838433016473,4.73139960553155e-19,2.94812480855539e-18
"YBL067C",754.245502265767,0.027457016209977,0.0462330965842275,0.593882267002292,0.552590860349119,0.623875353412373
"YBL068W",466.162056566987,-0.584267639378118,0.05528359480666,-10.5685536807337,4.16873950817686e-26,3.85959072365392e-25
"YBL068W-A",0,NA,NA,NA,NA,NA
"YBL069W",246.923732579338,-0.298138104964757,0.0480938432721564,-6.19909087484721,5.67902364372954e-10,1.93491845692003e-09
"YBL070C",4.56816721959416,0.0185966962999179,0.243855193668496,0.0762612270838027,0.939211272282585,0.9541920457882
"YBL071C",60.3389372063595,-0.0570073478332449,0.095301078465961,-0.598181560491012,0.549718793767465,0.621346628709561
"YBL071C-B",3.3191555852419,-0.631157983280688,0.295704803249454,-2.13441911103571,0.0328084885695705,0.0496676040647174
"YBL071W-A",93.4867752292881,-0.0151982506418895,0.112858250932713,-0.13466672145177,0.892875385893539,0.920439049836904
"YBL072C",15030.8780661828,-0.341847160410923,0.0427944589357544,-7.98811736173892,1.37014984354606e-15,6.89803036376907e-15
"YBL073W",1.37914688580315,-0.850653211341346,0.452358873815446,-1.88048308672817,0.0600422693084885,0.08646237608815
"YBL074C",58.9754928697454,-0.559678922947361,0.0867054032474172,-6.45494861894933,1.08255625541919e-10,3.91736164178255e-10
"YBL075C",385.549862567987,0.239041476175113,0.0387013258094385,6.17657072918199,6.55088696200073e-10,2.20899761821583e-09
"YBL076C",3982.96179467594,-0.51632974934034,0.0527220750350987,-9.79342616914459,1.20153955716208e-22,9.24540337104913e-22
"YBL077W",45.3915336652666,0.0177056666586114,0.178703501900538,0.0990784538092936,0.921075979270545,0.941731764135403
"YBL078C",434.892186727865,0.44297600998718,0.0788563968620053,5.61750254405316,1.93737322680344e-08,5.79443062051342e-08
"YBL079W",724.907857864202,-0.330823131863661,0.0646023756820819,-5.12091278951864,3.04060250491445e-07,8.25752255479925e-07
"YBL080C",295.209515117001,0.182291080079578,0.0448087147574645,4.06820595203996,4.73764985349488e-05,0.00010415561950205
"YBL081W",647.329896186415,-0.687882181360438,0.107787885769679,-6.38181347048873,1.75003050287322e-10,6.20539166456951e-10
"YBL082C",599.422413295152,0.283117480046571,0.0838883482908664,3.3749321069586,0.000738339034693688,0.00141635086995479
"YBL083C",3.89945966754334,0.0719345337506144,0.258530792108664,0.278243582375206,0.780825381314078,0.827929935604385
"YBL084C",443.818618531837,0.579701714086125,0.0407043556065109,14.2417612427059,5.0439613050065e-46,9.42864397204884e-45
"YBL085W",1753.78431885416,0.492853128149993,0.0394130939193669,12.5048068836792,7.0270384985032e-36,9.68717391406884e-35
"YBL086C",982.971241488973,0.252082922601249,0.043116029159271,5.84661731417921,5.01669808531398e-09,1.57867640113792e-08
"YBL087C",6935.19965308225,-0.47912849813613,0.0616416454317262,-7.77280513491173,7.676679227945e-15,3.65199698541035e-14
"YBL088C",549.852006991195,-0.0620726468467581,0.0383762730988101,-1.61747459652831,0.105775874894453,0.145035858169357
"YBL089W",352.773648991936,-0.0958539058871976,0.0450705733668811,-2.12675141953338,0.0334407426902849,0.0504914110988739
"YBL090W",275.454958306348,-0.129166588856486,0.0535798743670187,-2.41072959543919,0.0159206471881947,0.0253807953667652
"YBL091C",3255.79333007838,0.213287269899581,0.0668587808570661,3.19011605006015,0.00142215673096754,0.00263480101059136
"YBL091C-A",472.761479564585,0.311694578359071,0.0726226546902725,4.29197444913592,1.77091330643776e-05,4.07837717943935e-05
"YBL092W",17411.8912057581,-0.302119191247468,0.0632152468712918,-4.77921397447979,1.75981829313421e-06,4.45885452614006e-06
"YBL093C",929.26410686702,-0.189225279898517,0.0513580065346099,-3.68443583905461,0.000229209751726866,0.000467180409519737
"YBL094C",0.850287720593352,-0.125663496506287,0.593424340440583,-0.211759929518545,0.832294331143769,0.872068313756291
"YBL095W",172.054115024121,0.496912165752155,0.0865010912225556,5.74457684555294,9.2151139482566e-09,2.82742055531031e-08
"YBL096C",5.10119748579436,0.356154851845489,0.29989791904517,1.18758693951406,0.234996185859845,0.296069370426717
"YBL097W",135.860312822467,-0.270703369073086,0.0960474255748105,-2.81843440834588,0.00482584698242418,0.00831588211224849
"YBL098W",196.708759887384,0.169512005164412,0.0408919138324914,4.14536736673164,3.39269336534924e-05,7.55775183297844e-05
"YBL099W",3758.97574657474,0.148813781559373,0.0522434744500438,2.84846639940977,0.00439304919500736,0.00761587333983257
"YBL100C",34.9132444091461,-0.411342877700422,0.134251583503635,-3.06397039770696,0.0021842052164888,0.00395398623269117
"YBL100W-A",0,NA,NA,NA,NA,NA
"YBL100W-B",442.407217736731,-1.28563413885494,0.0392319788338779,-32.7700558847355,1.57299263320047e-235,1.44274884317147e-233
"YBL100W-C",3.9570328926859,-0.36926263444124,0.270571829941339,-1.36474900037191,0.172331952992222,0.225113884980148
"YBL101C",980.209091445249,-0.341164091857357,0.101614258594119,-3.35744310471307,0.00078666931700648,0.00150361162314187
"YBL102W",779.935176148407,0.109040383085433,0.052819947432078,2.06437886417153,0.0389818088446241,0.058180920599299
"YBL103C",525.727218558399,-0.041111068660727,0.0356093414617348,-1.1545023573352,0.248294272666788,0.310759427670571
"YBL104C",405.522686959567,-0.0350242612969039,0.0429634686660693,-0.815210279438275,0.414951954836275,0.488525500140123
"YBL105C",1514.69516774809,0.00295482176974375,0.0417413733177558,0.0707888010116533,0.943565844962612,0.956997033649454
"YBL106C",283.249051121238,0.194214441629481,0.0526947429232333,3.68565118369428,0.000228118615513614,0.000465370093747969
"YBL107C",414.890703541764,-0.0989603641160061,0.0410163278439029,-2.41270658096509,0.0158345612683798,0.0252552624542511
"YBL107W-A",11.1382098967156,0.0882496402848155,0.163480492836177,0.539817557151912,0.589322857785208,0.658415383896783
"YBL108C-A",16.355440076861,-0.0569150620635064,0.134789819679854,-0.422250450358107,0.672842220764354,0.733631579749246
"YBL108W",4.53279508717102,1.24129560428633,0.265581059834137,4.67388602583916,2.9555339037199e-06,7.31335169916876e-06
"YBL109W",7.25873576551564,0.710959507427555,0.215603414683832,3.2975336149946,0.000975379985498303,0.00184178943734363
"YBL111C",176.670497565489,-0.0829129554776552,0.0832980005870593,-0.995377498779197,0.31955269809716,0.38926917127862
"YBL112C",40.797579090412,0.0667684106860301,0.102430268493846,0.651842581961423,0.514502728654207,0.587137403850744
"YBL113C",1034.20376326935,0.552357372879683,0.108355277629634,5.09765084786807,3.43894354112661e-07,9.26978550917318e-07
"YBL113W-A",0,NA,NA,NA,NA,NA
"YBR001C",794.90040937792,0.238152997334248,0.0403385419922863,5.90385734268204,3.55099252541665e-09,1.13036916160764e-08
"YBR002C",427.226943111999,-0.294293497278093,0.0553099180812884,-5.32080877150411,1.03306949035893e-07,2.91727628250373e-07
"YBR003W",753.828701690363,-0.00614941872720292,0.0342899508123519,-0.179335886506661,0.857673970232565,0.893388740343703
"YBR004C",539.360160488186,-0.0831483110414804,0.0829236225540416,-1.00270958359655,0.316001004559872,0.385693915962981
"YBR005W",1042.445274613,-0.0402811819025304,0.123243838149418,-0.326841345639484,0.743787885974728,0.796965244177595
"YBR006W",554.438540568372,0.416030320923376,0.0714443075412359,5.82314162235044,5.77515763246211e-09,1.80414665548169e-08
"YBR007C",487.019153985107,0.326683337262597,0.038981077224784,8.38056207063702,5.26755446181876e-17,2.88959387104077e-16
"YBR008C",386.146429138392,0.30655531344075,0.0430555271140616,7.11999907999341,1.07927783856555e-12,4.47250135632073e-12
"YBR009C",6186.57979244828,0.259403191856971,0.0389610163715719,6.65801911795724,2.77542681796045e-11,1.04214853060862e-10
"YBR010W",5044.82773811971,0.275437131635065,0.0720968079101813,3.82037901009718,0.000133246757488115,0.000278687882262311
"YBR011C",10622.6021010699,0.429921113661851,0.0627689491027575,6.84926416336902,7.42308131483842e-12,2.89968065671627e-11
"YBR012C",43.4837853015142,-0.802919800531928,0.10099813692396,-7.94984764061967,1.86741037163722e-15,9.24831961590529e-15
"YBR012W-A",0,NA,NA,NA,NA,NA
"YBR012W-B",1159.48282694387,-2.06714970177901,0.043634679939534,-47.3740085785785,0,0
"YBR013C",84.2848721658499,0.043381054352011,0.0840579569177047,0.516085043495434,0.605795013536268,0.673442776036844
"YBR014C",516.767747563283,0.5714928507168,0.0382010581233744,14.9601314411528,1.33761589987791e-50,2.75478818325312e-49
"YBR015C",1821.76433538914,0.0181575283769516,0.029229543043406,0.621204660982473,0.534464973091712,0.606597021926726
"YBR016W",1699.35418868503,0.273457416161863,0.0866541635413574,3.15573314640964,0.00160095258969138,0.00293835455295812
"YBR017C",1046.39613794655,-0.575452868814197,0.0463935743604114,-12.4037191948987,2.49469940428388e-35,3.35176507852906e-34
"YBR018C",66.7559850750597,0.891503838438952,0.0754690091554845,11.8128467355685,3.35022602348899e-32,4.01501826055414e-31
"YBR019C",126.284475086693,0.145664291349291,0.0626787204124573,2.32398316989797,0.0201263960860812,0.0315446522388135
"YBR020W",152.270042058717,0.334348899946906,0.0491643443014758,6.80063783413196,1.0415696371903e-11,4.02525704170341e-11
"YBR021W",183.651374126535,-0.238940114145857,0.0620698879126388,-3.84953352070101,0.000118342988075817,0.000248498600419274
"YBR022W",214.109695598958,-0.44967990787312,0.0631733491886408,-7.1181900856695,1.09353492057724e-12,4.52885413525035e-12
"YBR023C",1504.53430090019,0.267479928307106,0.0341880179109941,7.82379162791682,5.12556217032032e-15,2.4622026654772e-14
"YBR024W",267.196605883346,0.0271664019204989,0.048056977588934,0.565295681989673,0.571872665220732,0.642586093442243
"YBR025C",5179.74481841946,-0.645055736087503,0.0331341592346295,-19.4679977095461,2.05134516284345e-84,6.95133171192121e-83
"YBR026C",768.011788680383,0.0391108198917864,0.0572938928498,0.682635058405234,0.494837475163776,0.568088616764288
"YBR027C",18.9541378666504,-0.0991932259526789,0.141918808946762,-0.698943478238248,0.484587354519921,0.557904001965278
"YBR028C",405.106711977175,-0.421628922263742,0.0524556557224333,-8.0378162555964,9.14536281677499e-16,4.65317683554698e-15
"YBR029C",750.990957222402,-0.31356246343318,0.051060285893645,-6.14102443700195,8.19909679248913e-10,2.7459389890717e-09
"YBR030W",337.7080964639,-0.349270846069173,0.0774323552017232,-4.51065765931138,6.46269474075113e-06,1.54956002515256e-05
"YBR031W",22537.4341367693,-0.315664063043137,0.0554568450576823,-5.69206673612257,1.25510775208407e-08,3.81018809646352e-08
"YBR032W",128.93620517872,-0.242820995459275,0.160078784123964,-1.51688430661264,0.1292958964934,0.173343689724829
"YBR033W",241.323173733664,0.152185086832832,0.0568164186277048,2.67854064913946,0.00739437563291502,0.0124154039489437
"YBR034C",1096.87720302664,-1.29212345959052,0.093597160595482,-13.8051566027195,2.3725636516216e-43,4.19559520809897e-42
"YBR035C",1145.52490439179,0.473982750263146,0.046770660938403,10.1341896982679,3.89590136435758e-24,3.25636761669694e-23
"YBR036C",2821.75510614479,0.149540447360391,0.0641655088541356,2.33054253026083,0.0197774948995098,0.0310402435349596
"YBR037C",472.510603477928,0.282461675860608,0.0508667605228729,5.55297158610279,2.8085374159553e-08,8.33114656505239e-08
"YBR038W",469.882598178594,-0.440845352905189,0.050789609120413,-8.67983354351133,3.96348465940652e-18,2.33032572410748e-17
"YBR039W",1555.30438799547,0.255537069452271,0.0452298210590534,5.64974752207474,1.60683662352446e-08,4.84586985235633e-08
"YBR040W",2.59633729127236,0.163899661412456,0.322935831047488,0.507530121017618,0.611782907401104,0.679002036142658
"YBR041W",981.017354655803,-0.264060315159632,0.0357498877648539,-7.38632571090847,1.50941779618772e-13,6.68595300706716e-13
"YBR042C",500.022579381419,-0.083226397529364,0.0368471177207547,-2.25869491774347,0.0239023688317068,0.0370325214399349
"YBR043C",692.301500590112,0.479580498201607,0.0349759710824317,13.7117135953517,8.6393073564342e-43,1.48203978316486e-41
"YBR044C",526.24330400864,-0.0395542692003065,0.0304814439923797,-1.29765076779811,0.194407368405325,0.25076472665671
"YBR045C",76.3767119378461,0.0397454929995255,0.0662847212585739,0.599617713476986,0.548761039264882,0.620672013992622
"YBR046C",637.122869073539,0.260204417926324,0.089757821322454,2.8989609383626,0.00374401535071049,0.00655178875541528
"YBR047W",90.1904060839295,-0.305987576547097,0.117003145733378,-2.61520811794555,0.00891731017092601,0.0147848099941673
"YBR048W",9631.2442324334,-0.384401726485591,0.0733611702109697,-5.23985270927577,1.60704812862713e-07,4.46121229896126e-07
"YBR049C",646.480623363997,-0.195182364262475,0.039307984946359,-4.96546349371068,6.85371851282731e-07,1.79432120292702e-06
"YBR050C",219.092153710459,-0.520162266734652,0.10522962670513,-4.943116145344,7.68836480961981e-07,2.00486207450245e-06
"YBR051W",10.9725907810555,-0.0527867013224141,0.165597663116783,-0.318764771971376,0.74990489366128,0.801522026646355
"YBR052C",2191.76067259267,0.396816460688833,0.0586434607164483,6.76659351001661,1.31849835281368e-11,5.05074494467755e-11
"YBR053C",722.135682007311,0.210053259255304,0.0897501841761088,2.34042148418476,0.0192619880632124,0.0302933735452305
"YBR054W",306.297096634926,-1.8079141890517,0.13272924167156,-13.6210692254643,3.00141016693665e-42,5.04809304116313e-41
"YBR055C",455.664288290313,0.248412747446056,0.0538210169733849,4.61553425437685,3.9208536124398e-06,9.60525356124409e-06
"YBR056C-B",0,NA,NA,NA,NA,NA
"YBR056W",1147.29843873006,0.00107925005121655,0.0729788396597458,0.0147885339949006,0.988200887129243,0.992819322705135
"YBR056W-A",11.8836857843772,-0.647401461809593,0.240520884664942,-2.69166422995432,0.00710964841072674,0.0119606924473928
"YBR057C",757.010936428053,0.231668065050715,0.0357808616618589,6.47463628014482,9.50405983793052e-11,3.44822930512258e-10
"YBR058C",722.024867644852,-0.0105774982493993,0.031137820246542,-0.339699380549093,0.734082928284269,0.788531615188552
"YBR058C-A",563.199384602318,0.196450896321086,0.0502546127348447,3.90911173383441,9.26361131817305e-05,0.000197045090469117
"YBR059C",2039.96195746299,0.39687351339987,0.0423942153914326,9.36150155712221,7.86114383994988e-21,5.46782694388425e-20
"YBR060C",403.128011418828,-0.273197109635783,0.0544510398959335,-5.01729829509071,5.2403171875898e-07,1.38486907158779e-06
"YBR061C",216.493446670158,-0.681890215340237,0.0614525019231095,-11.0962156787926,1.30868502066159e-28,1.36346868623159e-27
"YBR062C",411.077806849085,0.206675535627429,0.0544993274631947,3.79225845983154,0.000149283424041261,0.000310341696578976
"YBR063C",144.068867757772,0.123808721593825,0.081827071690139,1.51305330908897,0.130266118281886,0.174576393466022
"YBR064W",0.325766266375997,-0.715280939376454,0.820078394141447,-0.872210442911733,0.383093583541336,0.456013282779175
"YBR065C",86.0458660232754,-0.494831662367688,0.0842039579534955,-5.87658436009594,4.18818019567201e-09,1.32583946461241e-08
"YBR066C",327.648269050046,-0.00745639457752591,0.116862865438064,-0.0638046529971292,0.94912577325477,0.961141792171288
"YBR067C",3971.89292080879,-2.86805159456436,0.0697870788477539,-41.0971721688086,0,0
"YBR068C",3821.18680390979,-0.819198831737974,0.033644058170662,-24.3489898746022,5.9419173095654e-131,3.02773697574077e-129
"YBR069C",1532.17167933432,-1.21455572486327,0.0649972111459492,-18.6862744331602,6.40312966302e-78,2.05827705382779e-76
"YBR070C",398.024120271397,1.56058535265772,0.0455906826383175,34.2303572209752,8.55003422464282e-257,8.40224077590256e-255
"YBR071W",574.128706726959,0.43336504045805,0.0671488373727076,6.45379812092159,1.09081100661153e-10,3.94515715798145e-10
"YBR072C-A",3.67440950708033,1.6099649931515,0.330035388788776,4.87815866977186,1.07080771502948e-06,2.7557374753789e-06
"YBR072W",163.066589302282,0.269299073021039,0.156850058084416,1.71692045454075,0.0859937070119823,0.120160615587127
"YBR073W",956.440113711096,0.283516085081708,0.0356603521591454,7.95045668131458,1.85825211239647e-15,9.20959386251822e-15
"YBR074W",677.379704454617,-0.080567439278396,0.0407515219502708,-1.97704123484548,0.0480369693956825,0.0704726620756878
"YBR076C-A",183.420924780702,0.735548181454584,0.0796080840216877,9.23961668584057,2.47381851292121e-20,1.66837230886127e-19
"YBR076W",79.2790175108219,0.329030266104078,0.0807167577378714,4.07635632705426,4.57468992304532e-05,0.000100837963446504
"YBR077C",530.044015200645,0.744171708536284,0.0572434084566244,13.0001292480718,1.22136694988685e-38,1.81856780265619e-37
"YBR078W",9879.04295405603,-0.153419107079025,0.046773253581644,-3.28006061864455,0.00103784784517154,0.00195117664032113
"YBR079C",3513.23082426031,-0.675295287654574,0.0659010989166503,-10.2471020780498,1.21944845381008e-24,1.05252018993219e-23
"YBR080C",1164.91586847255,-0.0915290629877972,0.0262565485133113,-3.48595181660661,0.000490389324640433,0.00096492796458854
"YBR081C",675.163967220924,0.129910000302585,0.0528113321321982,2.4598887219393,0.0138980100247928,0.0223688373796326
"YBR082C",4075.81440032358,0.148911208257776,0.0424778215154887,3.50562253300769,0.000455540762260585,0.000901514644301083
"YBR083W",591.388407499339,-0.108127647306308,0.0516264255661383,-2.09442443710899,0.0362221877714645,0.0544389642141705
"YBR084C-A",9375.66675959899,-0.245872865814983,0.0393462530894585,-6.24895247981965,4.13214602656058e-10,1.42409982548649e-09
"YBR084W",1902.95126614181,-0.353835424581095,0.0722106009948705,-4.90004818830174,9.58131522177181e-07,2.47502318477538e-06
"YBR085C-A",1262.26951814316,0.175246178874956,0.0933861601099174,1.87657548686751,0.0605762996911538,0.0871584115405663
"YBR085W",197.021872200585,-1.02170904054041,0.0741414864247763,-13.7805308445904,3.3380854375388e-43,5.87281067131186e-42
"YBR086C",2751.06409287597,-0.0785288526982185,0.0380013947122281,-2.06647290955744,0.0387838478008985,0.0579105901937011
"YBR087W",440.229359626045,-0.0215508598610582,0.0403397468497206,-0.534233889502146,0.593179725011579,0.661128212630371
"YBR088C",88.3911376445732,0.207228417059877,0.0791367615296327,2.6186112882858,0.00882884879721282,0.0146558037828251
"YBR089C-A",829.509783090084,0.475300166228375,0.0695247707421612,6.83641472175532,8.11996570431671e-12,3.15934638461508e-11
"YBR089W",0.746917466193419,0.537858273319091,0.645243709270152,0.833573835113361,0.404521174900404,0.478281080099127
"YBR090C",21.5609347660344,0.555570821543911,0.130127138770991,4.26944622613776,1.9595888450376e-05,4.48670789693148e-05
"YBR091C",173.893929144394,0.115698128942857,0.0719208959015407,1.60868586928127,0.107685047180536,0.147152451242532
"YBR092C",1254.15865359035,-2.70940541718563,0.0757303100479932,-35.7770279227508,2.51452885289335e-280,2.70272562172709e-278
"YBR093C",1178.92335363615,-2.19830272683544,0.0796646320233443,-27.5944628249995,1.29667818849756e-167,8.03590023304028e-166
"YBR094W",399.02027347913,-0.324466519720397,0.0573283905586655,-5.65978769957554,1.5156036921041e-08,4.57876056125785e-08
"YBR095C",372.008556489508,0.0691983217843483,0.0399431032933007,1.73242227265688,0.0831984052219382,0.1166099897151
"YBR096W",621.516072501528,0.235154965716786,0.048322720159418,4.86634371866905,1.13681739389725e-06,2.91470997115885e-06
"YBR097W",286.75208886082,-0.236022753782685,0.0415290121419477,-5.68332213094668,1.3210310721395e-08,4.00501222796281e-08
"YBR098W",176.225155772735,0.195672518599821,0.0501547750074702,3.90137366922047,9.56483737256462e-05,0.000202887808467074
"YBR099C",0,NA,NA,NA,NA,NA
"YBR101C",757.260170259031,-0.2676305318698,0.0551955357767387,-4.8487713381811,1.24228519615883e-06,3.17565212351416e-06
"YBR102C",381.207969168203,-0.0281001934861869,0.0579939329210073,-0.484536779467289,0.628004968678411,0.694273069105257
"YBR103C-A",1.21499313801259,1.06036050906906,0.568830839092754,1.86410517186491,0.0623069363998742,0.0894053849592688
"YBR103W",554.657726334991,0.375763372086719,0.036755368650816,10.2233601751231,1.55843147662254e-24,1.33838328685224e-23
"YBR104W",357.707853757103,-0.501026298105805,0.0718287272288559,-6.97529132751397,3.05237629924331e-12,1.22863057709156e-11
"YBR105C",817.352842371693,0.20691139518732,0.0448265087310388,4.61582668480382,3.91533604169001e-06,9.59515376942842e-06
"YBR106W",6378.96975957538,0.0196823625628278,0.0636006734270314,0.309467832685911,0.756965677795675,0.807533697417689
"YBR107C",254.269131964456,0.0237244014039112,0.0430795538533666,0.55071139976667,0.581831528706686,0.652072187353094
"YBR108W",827.399194156818,-0.0651152079693031,0.0659630122178172,-0.98714727814863,0.323570443335423,0.393466692540989
"YBR109C",2376.55636337719,0.296546114311028,0.0434896444267686,6.81877532501734,9.18198675545292e-12,3.55847250088792e-11
"YBR109W-A",14.8686378813274,-1.47805464180558,0.164541029055494,-8.98289411637924,2.63736299216507e-19,1.66597061736488e-18
"YBR110W",682.029218031349,0.0413504320815428,0.0332643620744173,1.24308507672673,0.213836484390538,0.272909309113639
"YBR111C",1689.31366984462,0.324387816506135,0.0534430143190374,6.06978892638138,1.28078472442671e-09,4.21555890877098e-09
"YBR111W-A",262.87500013102,0.410896867947868,0.0679821305555185,6.04418932725716,1.50163097899702e-09,4.92018266715459e-09
"YBR112C",2260.84773747032,-0.413250008462101,0.0572206918215857,-7.22203796050938,5.12141708377198e-13,2.16668069614191e-12
"YBR113W",17.8553986869949,-1.12256166611977,0.151150536555781,-7.42677923412798,1.11273848098762e-13,4.97693628785035e-13
"YBR114W",622.855534496788,0.145108856617255,0.0485732652908883,2.98742231448203,0.00281340786805969,0.00501904375632329
"YBR115C",1198.52125494093,-0.394900433605063,0.0396615022385539,-9.95676944433009,2.3559399101166e-23,1.87792707319723e-22
"YBR116C",3.32776180232573,0.33708451104622,0.326509564970592,1.03238785998989,0.301890456756652,0.370840080719465
"YBR117C",115.895779372906,-0.357413288903217,0.070411626029533,-5.07605503604342,3.85351717994331e-07,1.03306097742907e-06
"YBR118W",130890.006463436,-0.4042599755095,0.0685460763725586,-5.89763844851285,3.6874084137042e-09,1.17216647309941e-08
"YBR119W",290.876011153085,-0.0295631370991476,0.0407325615867543,-0.725786347519109,0.467969757669366,0.541399926506486
"YBR120C",166.984230541807,-0.142748853599619,0.0929486893287237,-1.53578124264637,0.124592041631059,0.167723807119385
"YBR121C",4459.14194564453,-0.483900906783195,0.0392809117607527,-12.3189835747826,7.15909091681745e-35,9.45247340053498e-34
"YBR121C-A",0,NA,NA,NA,NA,NA
"YBR122C",470.637461688042,-0.0113306124512474,0.0356078445726929,-0.318205513060925,0.75032905113041,0.801632361038673
"YBR123C",476.373584228772,0.0611002228113246,0.0388541216528383,1.57255447330029,0.115822016444544,0.157240902135785
"YBR124W",1.27440481058622,0.954058548863856,0.520183053239225,1.83408233490663,0.0666417732177119,0.0951294372203031
"YBR125C",555.866117988133,-0.210875805130838,0.0363954406128977,-5.79401709608946,6.87224582397641e-09,2.13523843826259e-08
"YBR126C",8458.02260248249,-0.211676281763358,0.080139481891044,-2.64134826889883,0.00825767858925909,0.0137674675267846
"YBR126W-A",650.947239740701,0.0384645484460149,0.148197451806575,0.259549324074872,0.795211430371217,0.840673033582849
"YBR126W-B",76.5263562445433,0.223059953107609,0.0939238375737151,2.37490246214165,0.0175535880492257,0.0277844298643864
"YBR127C",5367.35601547367,-0.178987747719438,0.0423681189383855,-4.22458566026341,2.39380788335896e-05,5.43286190353885e-05
"YBR128C",135.640320620955,0.0930115186034577,0.0616963560985819,1.50756907676749,0.131664852121765,0.176244895455463
"YBR129C",393.662419201809,0.0700424723508469,0.0487458166378864,1.43689196697975,0.150748692811062,0.199308141043109
"YBR130C",658.447795290927,-0.187044274392564,0.056840117172983,-3.2907088108796,0.000999353014379052,0.00188395433979542
"YBR131C-A",0,NA,NA,NA,NA,NA
"YBR131W",134.490326420233,-0.117204305817768,0.049668740000995,-2.35971973147336,0.0182887463672082,0.0288714028321843
"YBR132C",566.799730719129,0.140263723303701,0.0712942401242912,1.96739207906798,0.0491380268209392,0.0719675981237847
"YBR133C",559.961813380342,-0.188691161355017,0.0375754233856818,-5.02166427822391,5.12256636527789e-07,1.35427110018242e-06
"YBR134W",4.48103708042195,-0.294076334068806,0.249241078089875,-1.17988710497699,0.238045119214108,0.299198314466261
"YBR135W",504.109433673428,0.0908832784208227,0.0904604338203305,1.00467435963586,0.315053678440913,0.384879107440071
"YBR136W",346.672272597059,0.151727660841459,0.0387776072065916,3.91276491179856,9.12453536034946e-05,0.000194327178773511
"YBR137W",258.447679216387,0.152214876970273,0.0611016336654025,2.49117524097332,0.012732130461493,0.0205983832183938
"YBR138C",220.468904037823,0.175266073074185,0.077636952538163,2.25750840732745,0.0239763247475061,0.0371380585646303
"YBR139W",1507.21091848035,0.165952863953422,0.0831786402084027,1.99513797698099,0.0460278333646558,0.0677480999397949
"YBR140C",1077.99214568954,-0.169224913612886,0.0456163793444819,-3.70974014256914,0.000207472084882836,0.000425015030348133
"YBR141C",114.498334537863,-0.0946970854646369,0.057537434356534,-1.64583434287043,0.0997978695793306,0.137521944077767
"YBR141W-A",0,NA,NA,NA,NA,NA
"YBR142W",380.549654269828,-1.12683619474503,0.129709260459193,-8.68739973349503,3.70829463354482e-18,2.18964453082874e-17
"YBR143C",2783.50313394847,-0.609991832489475,0.0513408106042755,-11.8812271428896,1.48175931668973e-32,1.8104835416534e-31
"YBR144C",5.53407455849025,0.220747318364725,0.233411176105431,0.945744424273043,0.344278958015499,0.415271778395339
"YBR145W",1628.28037922156,-0.206741385219948,0.131259836635797,-1.5750544151109,0.115243884828328,0.156486909540875
"YBR146W",746.643348442436,-0.463639645194578,0.0285587652080999,-16.2345830366321,2.87192742331149e-59,7.13212590070748e-58
"YBR147W",174.823076843927,0.727873645611351,0.179087317665877,4.06435059220298,4.81663806230022e-05,0.000105723207500202
"YBR148W",70.7422621707543,0.850243029305116,0.0833914667616142,10.1958037473504,2.07024937396267e-24,1.76253037666946e-23
"YBR149W",2940.89922150752,-0.127202394931883,0.0744253490799257,-1.7091272866625,0.0874273741426323,0.121982231112613
"YBR150C",612.287173765033,0.159948770678338,0.0445367466715149,3.59138874372787,0.00032892058613594,0.000659663181349601
"YBR151W",1356.37025157215,-0.266470966843434,0.0377944354643849,-7.05053438606167,1.78231960997536e-12,7.31101764878981e-12
"YBR152W",136.106364887129,-0.208782242982498,0.0652056196120025,-3.20190566740764,0.00136521697224278,0.00253577716765626
"YBR153W",337.07771082088,0.0256091950510887,0.0509436898336398,0.502696116726475,0.615177940331622,0.682439776091152
"YBR154C",694.406368502984,-0.615098122754957,0.0985273712026443,-6.24291620944464,4.29487005687787e-10,1.47869925531846e-09
"YBR155W",502.543359106229,-0.276741640081028,0.0843551509486011,-3.2806726912225,0.00103559845988877,0.00194854535163425
"YBR156C",196.055319669761,0.319307397686591,0.0668459614122493,4.7767642343772,1.78138426424871e-06,4.51017385122079e-06
"YBR157C",276.270994863622,-0.504441923276082,0.0531701768197472,-9.4873094928045,2.37074138000989e-21,1.69173547231204e-20
"YBR158W",1398.26506546176,-0.767581054496217,0.0517589442696367,-14.8299209987268,9.38433345844341e-50,1.89310351497455e-48
"YBR159W",1725.2253984596,0.14420754854587,0.0210503462580333,6.85060220759252,7.35397473976357e-12,2.87431774061555e-11
"YBR160W",718.680243981707,0.196812299021846,0.0388819703328455,5.06178821024379,4.15342269415417e-07,1.10784779810339e-06
"YBR161W",303.699005424514,-0.320891129004138,0.0411984143372557,-7.78891940785099,6.75846959569296e-15,3.22186502763492e-14
"YBR162C",8470.6431548657,0.292602200437239,0.039959300554082,7.32250555890544,2.43383230897665e-13,1.0616570991408e-12
"YBR162W-A",934.07193181702,0.597679433250995,0.0570379289725708,10.478631395232,1.08299593241325e-25,9.81545325305763e-25
"YBR163W",461.846928423772,0.0109364258926654,0.0469095974761493,0.233138344412908,0.815653980615816,0.857853300198853
"YBR164C",793.920413439399,-0.00148855511892281,0.0369312159025149,-0.0403061497582982,0.967849050966773,0.976365100689314
"YBR165W",274.730590212204,0.187471791686982,0.0507819833245283,3.69169889424998,0.000222761095703793,0.000455115407587286
"YBR166C",503.039292093454,-0.150670472833615,0.0326666722584307,-4.61236062374643,3.98121493085835e-06,9.74618416703722e-06
"YBR167C",267.651227248011,0.281780687699331,0.0521987037541197,5.39823151599032,6.73009864210674e-08,1.93223491481854e-07
"YBR168W",243.776024799061,0.403417295104448,0.06156734514999,6.55245559349108,5.6598552410349e-11,2.08762167308735e-10
"YBR169C",714.256099555563,0.00691124658383931,0.0841982208574364,0.0820830477587094,0.934580673558176,0.951401027868182
"YBR170C",764.988651101325,-0.118990903005973,0.0415458321193401,-2.86408760965896,0.00418212323614586,0.00726669000794326
"YBR171W",684.040424454906,0.161240099104203,0.0764881209737564,2.10804105332285,0.035027438518086,0.0527597437192716
"YBR172C",781.928434177184,-0.580634255794776,0.0666458316047187,-8.71223663677213,2.97936911637003e-18,1.7713984573474e-17
"YBR173C",1481.2864483363,0.191881801142888,0.0885275211754986,2.16748191517187,0.0301981271974487,0.0460298951897296
"YBR174C",0.684926178918742,-0.701168744908571,0.684954749951406,-1.0236716293424,0.305990399992117,0.375150204309413
"YBR175W",318.817177312983,0.285752324260257,0.0410229498247633,6.96566983800282,3.26844850145301e-12,1.30947333963281e-11
"YBR176W",225.590101412568,-0.0757514203123464,0.055513314377449,-1.36456309917461,0.172390409376995,0.225113884980148
"YBR177C",1198.36765069138,0.361177317778895,0.0520098573130229,6.94440124311701,3.8006884101692e-12,1.51389320055321e-11
"YBR178W",1.97626810803527,1.68541332402206,0.431931731640812,3.90203636491247,9.53868227853536e-05,0.000202395420709577
"YBR179C",423.937504960851,0.0425907613411095,0.0380915400813335,1.11811602392997,0.263517443565012,0.327622717202913
"YBR180W",33.0628385608637,-0.742027698712626,0.0997060962573663,-7.44214974375557,9.9059839558595e-14,4.45089899623498e-13
"YBR181C",8913.72462638677,-0.394529844539333,0.0578964176834742,-6.81440856490066,9.46523518537931e-12,3.65999734908512e-11
"YBR182C",84.6382460370904,-0.301898140111184,0.0840413870209181,-3.59225556375029,0.000327828109571401,0.000657855765968981
"YBR182C-A",6.09481750503007,0.802406524842622,0.23062666094438,3.4792444271486,0.000502829731227523,0.000987429552130783
"YBR183W",590.906979281133,0.62948556888808,0.0533340993917914,11.802684887653,3.78053379908783e-32,4.51498125068146e-31
"YBR184W",32.5685874463902,0.860647770402131,0.102057994341064,8.4329285124491,3.3712065713301e-17,1.87322536382712e-16
"YBR185C",289.446554279656,-0.0934984928074294,0.0566762556142814,-1.64969424663032,0.0990054875339561,0.136621614592996
"YBR186W",78.9907361689577,-0.23294691027434,0.0809100283546657,-2.87908575749383,0.00398829865786605,0.00695273858780044
"YBR187W",1526.27869971112,-0.454486738594524,0.0395054328192522,-11.5044110685718,1.25342012626771e-30,1.42047397835182e-29
"YBR188C",204.32960669591,0.25071578471106,0.0470514351419693,5.32854702422084,9.90015664439151e-08,2.80144704059108e-07
"YBR189W",12726.1501798017,-0.467762552911652,0.043764260300181,-10.6882316690205,1.15553080310182e-26,1.10554887267558e-25
"YBR190W",25.8579993117808,0.0311641067909559,0.363763532497982,0.085671333178866,0.931727691131352,0.949252782478165
"YBR191W",11531.2325967766,-0.319728672466145,0.0714836483797428,-4.47275257647244,7.72191076538113e-06,1.84057602754875e-05
"YBR191W-A",26.5284726163102,-0.0836410678872809,0.407681826322817,-0.205162610856857,0.837445080268242,0.876564928053141
"YBR192W",358.106611407126,-0.272839106659719,0.06891364577323,-3.95914486308756,7.52186040902116e-05,0.000161848225691763
"YBR193C",337.974001678801,0.0568627652784509,0.0534354568521951,1.06413921819244,0.287265636872475,0.354457455792961
"YBR194W",112.753681654095,0.168961108480075,0.0635367931535468,2.65926402787993,0.0078311566246395,0.013097623734718
"YBR195C",221.840305044325,-0.172253501879585,0.0617503065058445,-2.78951654860663,0.00527867987005156,0.0090395914428889
"YBR196C",18104.6708625545,-0.552052057690568,0.0771911784179758,-7.15175061457553,8.56781216493672e-13,3.58721727830796e-12
"YBR196C-A",9.68296354845469,-0.337461727477208,0.218531456600317,-1.54422494924568,0.122533846730264,0.165266262131724
"YBR196C-B",20.7364643615251,-0.576161275365813,0.126426565884707,-4.55728012015478,5.18202930096443e-06,1.25739610445624e-05
"YBR197C",269.05795857142,-0.2488090054228,0.0560094093954013,-4.44227154166758,8.90141246878815e-06,2.10784221593094e-05
"YBR198C",1407.04692525797,0.0380639025033244,0.0367825789131065,1.03483506671038,0.300745943325335,0.369500150765311
"YBR199W",2396.33546379853,0.347597404349403,0.0286811795938878,12.1193552451894,8.34127499676455e-34,1.07856448689367e-32
"YBR200W",524.997290708764,0.145429838236085,0.0372611073200235,3.90299292468781,9.5010481098201e-05,0.00020172132699831
"YBR200W-A",2.14635986797772,1.30645520883504,0.424765865272553,3.07570667901184,0.00210004326336467,0.00380864687811378
"YBR201C-A",159.709802888411,0.581467982126157,0.0651137921564387,8.93002792294995,4.25901279354411e-19,2.66101262550317e-18
"YBR201W",336.9941238233,0.350989424792437,0.0500343004037311,7.01497616555589,2.29988158186469e-12,9.32835224153726e-12
"YBR202W",841.991324352088,0.321665681008598,0.0419816612556411,7.66205222441921,1.82985196333626e-14,8.53393332595941e-14
"YBR203W",815.190741314781,0.383812811644535,0.0415330404942008,9.24114408859919,2.43875459545649e-20,1.64633884810061e-19
"YBR204C",448.619341978536,0.0646147837051727,0.0543533115869512,1.18879203159141,0.234521514447473,0.295596101718313
"YBR205W",787.056141120233,-0.124989724759712,0.0427760521395189,-2.92195559216273,0.00347841131918675,0.00611499909652075
"YBR206W",55.7116760041689,0.217775652517884,0.0864347880489373,2.51953706873886,0.0117509266579025,0.0190994814726172
"YBR207W",1350.90189134256,0.454575087760571,0.0397164451787963,11.4455129534921,2.47635359548875e-30,2.77819764333782e-29
"YBR208C",899.54001881057,-0.090736675109296,0.0569184598304971,-1.59415197423664,0.110902000207473,0.151188041899962
"YBR209W",43.888740572748,1.25985922966149,0.11523236984258,10.9332059332165,7.99721280747662e-28,8.06639690654423e-27
"YBR210W",254.585642626896,0.259786862553499,0.0669553662593414,3.88000061932682,0.000104456198830362,0.00022075397596131
"YBR211C",392.012820679231,0.0603012522898821,0.0404399312472849,1.49113142456024,0.135926993395478,0.181420602942859
"YBR212W",2474.54149672598,0.404078466695929,0.0678516424145165,5.9553232953058,2.59558212175201e-09,8.35126726638543e-09
"YBR213W",170.165209658879,0.509215675178977,0.061551372988556,8.27301895074953,1.30608929644556e-16,7.01920958613203e-16
"YBR214W",2612.52557504609,-0.0370034722982308,0.0796319990570448,-0.464680941536117,0.642159958527457,0.706428277242188
"YBR215W",427.822347210109,0.0478278979817064,0.0682286730994336,0.700994110086299,0.483306690939487,0.556709096947879
"YBR216C",354.015416643936,-0.134299835475665,0.0450088231886464,-2.98385574119037,0.00284640937387522,0.0050747919475753
"YBR217W",134.844375763127,0.0666103923872818,0.0612363600571377,1.08775884662527,0.276701581549463,0.342898609165692
"YBR218C",3003.70904503014,-0.337721200087286,0.075952394979414,-4.44648519877249,8.72866782252699e-06,2.06907325813795e-05
"YBR219C",0.955179522906354,1.81656997310239,0.562388690394871,3.23009691362555,0.00123748263294334,0.00231196171429039
"YBR220C",432.38186296737,-0.20932550299523,0.0401212210815309,-5.21732632638117,1.81524291580371e-07,5.02295093234664e-07
"YBR221C",3629.69887993253,0.0416294766835851,0.0376411833150984,1.10595557889613,0.268745746650123,0.333580294335294
"YBR221W-A",16.8787551665036,0.337077386500788,0.160951580947194,2.09427819544921,0.0362352055420184,0.0544389642141705
"YBR222C",1556.06318364156,-0.156316522481109,0.0699650592604452,-2.23420839106589,0.0254693645851346,0.0392569480128032
"YBR223C",251.643511447856,0.0776496264200792,0.050638288953066,1.53341726242071,0.125173078111328,0.168308366756807
"YBR223W-A",0,NA,NA,NA,NA,NA
"YBR224W",4.07901662826877,-0.383008925911386,0.279091550095254,-1.37234153373925,0.16995714168972,0.222311309694539
"YBR225W",403.497853876035,0.195915861541219,0.0548769270484276,3.57009534022063,0.000356851323836308,0.000712977129442336
"YBR226C",29.913011726875,0.734108543995422,0.171170050852814,4.28876745866406,1.79667356814254e-05,4.13216899874709e-05
"YBR227C",596.165607347691,0.147425835744886,0.0450912206812664,3.26950198991033,0.00107736979526486,0.00202326694557112
"YBR228W",285.597843969945,0.131866881216431,0.0458164100151584,2.87815830993312,0.0040000434833186,0.00696968062860908
"YBR229C",871.046277680504,-0.0893021653079389,0.0359226977787266,-2.48595375152541,0.0129204755571893,0.020893265481407
"YBR230C",1494.85640908898,0.742179091947209,0.0795957571666146,9.32435494512145,1.11660719097071e-20,7.70425362757019e-20
"YBR230W-A",650.706461095312,1.81051391373993,0.168919968790828,10.7181757532875,8.36366249778401e-27,8.06923342528137e-26
"YBR231C",530.139359212082,0.630550960497975,0.0564818888841946,11.1637725464671,6.13325023694408e-29,6.49086590460589e-28
"YBR232C",6.27569155721547,0.0103693413178692,0.241968507782391,0.0428540945799221,0.965817842324921,0.974601868468994
"YBR233W",268.488086229217,0.462485643448048,0.0462446316256377,10.0008504163681,1.51093887170445e-23,1.22567788896874e-22
"YBR233W-A",157.134955431984,0.0781836823357016,0.0522248054598461,1.49706028863649,0.134377571521024,0.17952964859954
"YBR234C",2198.58503017612,0.243942964813749,0.0575821835724836,4.23643130008568,2.27100361750155e-05,5.16779155964048e-05
"YBR235W",791.510035825074,-0.0526902124146296,0.0290375208787343,-1.81455616113624,0.0695921446823521,0.0988691373956836
"YBR236C",518.70233394792,0.121746533668427,0.0353211088693672,3.4468491382504,0.000567165196112583,0.00110744518423459
"YBR237W",519.603276861372,0.150487087764378,0.0473287872491454,3.17961005364859,0.00147473357669006,0.00272413863427791
"YBR238C",374.174116362897,-1.88820555662029,0.126280985926935,-14.9524137997527,1.50204497877934e-50,3.06604374154988e-49
"YBR239C",257.275237102554,-0.51648462430444,0.0467713393921425,-11.0427588992931,2.37623047073597e-28,2.4397148370437e-27
"YBR240C",90.9617812261871,0.531460946827813,0.0895466617697906,5.93501685405214,2.93815315270048e-09,9.40947650718184e-09
"YBR241C",854.124724496305,1.28044295492544,0.125704720929077,10.186116682506,2.28718690367447e-24,1.94481566259292e-23
"YBR242W",365.152066243837,-0.265174738376134,0.0488267536587513,-5.43093117001863,5.60607554999287e-08,1.62512405008011e-07
"YBR243C",674.97141457191,0.0304332849726428,0.0393578846775707,0.773244934832236,0.439377437481384,0.512458018384951
"YBR244W",309.744325074456,-2.68516711379453,0.0787279842435005,-34.106895274868,5.82930245520529e-255,5.56941272074405e-253
"YBR245C",859.246176959384,-0.093422710909073,0.0486201630059662,-1.92148082468603,0.0546711175388484,0.0794428849914952
"YBR246W",686.713519130522,-0.0939390955060268,0.0318509048658029,-2.94933835951661,0.00318455109869663,0.00562715823476346
"YBR247C",251.423669193689,-1.25569061251019,0.138762718492828,-9.04919293992566,1.44028889767996e-19,9.26823884671695e-19
"YBR248C",1088.19908443246,-0.302781966452221,0.0805206640410975,-3.76030140906043,0.000169708755193653,0.000351317040919993
"YBR249C",4317.65948565889,-0.442651611988771,0.0594213336820806,-7.44937187638822,9.37856694553144e-14,4.22219646716694e-13
"YBR250W",21.5639502475786,0.222097983459473,0.120296522206773,1.8462544002537,0.0648552754156701,0.0927910648054065
"YBR251W",413.713555907968,-0.119551179806552,0.033194828376036,-3.60150016298497,0.00031638622431931,0.00063582262258035
"YBR252W",650.919929068776,-0.404216959011235,0.0790300356608062,-5.11472575750969,3.14197105747782e-07,8.50594998205036e-07
"YBR253W",453.379406187756,0.314334226578923,0.0420785185680239,7.47018282192543,8.00834785898669e-14,3.61954171629234e-13
"YBR254C",214.427281524908,-0.230407822584722,0.0409706097072606,-5.62373428735893,1.86873021575983e-08,5.60374679782559e-08
"YBR255C-A",303.808810660673,0.516548257942025,0.0588500251226422,8.77736682126387,1.67346490211678e-18,1.00980395277731e-17
"YBR255W",553.675675942525,0.0705017001608272,0.0382806494993769,1.84170595543252,0.0655181726149267,0.0936032210629451
"YBR256C",1163.92012276316,0.285309190818403,0.0721034143438961,3.9569442503461,7.59146388829017e-05,0.000163294809529544
"YBR257W",197.154574466973,0.170114731935094,0.0614164390574286,2.76985664662233,0.005608096924583,0.00957035443914821
"YBR258C",139.727598208015,0.398956598878549,0.0496823142318921,8.03015328586385,9.73509562099e-16,4.94226736360075e-15
"YBR259W",203.323587244641,-0.0154995917894594,0.040968796549736,-0.378326753402262,0.705187873460332,0.763377536327345
"YBR260C",433.244976258585,-0.0454228737659665,0.0377619434143125,-1.2028743665971,0.229024941179203,0.289553863328751
"YBR261C",928.065618475052,-0.311715299187506,0.0958003585699641,-3.25380096526316,0.00113872031972932,0.00213440247395586
"YBR262C",477.259245385089,0.108583986831382,0.062989707591052,1.72383697248354,0.0847372780372666,0.118612129644188
"YBR263W",2387.56245782784,-0.215709874908326,0.0423691553129173,-5.09120074061428,3.55803088746462e-07,9.56829338345157e-07
"YBR264C",501.871333625993,0.252062712383994,0.0745447822171455,3.38135956517717,0.000721280914236878,0.00138524238573018
"YBR265W",1162.28297823545,0.0491487655309529,0.0548433150561631,0.896166934486389,0.370163612610892,0.442844433243535
"YBR266C",0,NA,NA,NA,NA,NA
"YBR267W",184.0583188413,-1.30799122270727,0.149337386329662,-8.75863208038132,1.97634050062025e-18,1.18839565592366e-17
"YBR268W",625.634542314177,-0.0212499896088772,0.0886786417815829,-0.23962917318035,0.810617746663973,0.853544016849683
"YBR269C",545.414991731779,0.61714859543514,0.0566515996747367,10.8937540860007,1.23444515539349e-27,1.23247434309895e-26
"YBR270C",200.833919051198,0.045375267168546,0.046190511977104,0.982350383798255,0.325927260822306,0.395982625785348
"YBR271W",201.826476153163,-0.839931917220512,0.108588209628827,-7.73501948408159,1.03387269213196e-14,4.90145434126516e-14
"YBR272C",281.769309990644,0.00950443729956205,0.0442290702832757,0.214891184433419,0.829852158144976,0.870471637066071
"YBR273C",821.939740854675,-0.0139144155177375,0.0592102724047234,-0.235000025377818,0.81420871352363,0.856675090291993
"YBR274W",321.555048154095,-0.156013339266381,0.0363526589994219,-4.29166238620568,1.7734044231926e-05,4.08274733170745e-05
"YBR275C",527.708321553536,0.208628613223826,0.0659280046466362,3.16449154410244,0.00155354176330054,0.0028582010670619
"YBR276C",1033.36467758398,-0.0031383393726216,0.0346852825743767,-0.0904804326126498,0.927905442679974,0.946199457485257
"YBR277C",0.565946807934788,-0.279379796680394,0.684959152464214,-0.407878040136109,0.6833632156254,0.74345335446578
"YBR278W",164.048754988832,0.221918196687671,0.0549383347575933,4.03940522891439,5.35869144098269e-05,0.000117246941547455
"YBR279W",948.690250320597,-0.00398656961947121,0.0400570122607012,-0.0995223905748538,0.920723511042607,0.941731764135403
"YBR280C",438.259222755964,-0.0840948574869372,0.0667496695332044,-1.25985428954228,0.207721930997459,0.265894894553688
"YBR281C",559.07279814223,0.18162246727421,0.0470064920648015,3.86377411494207,0.000111648473621487,0.000235087190095564
"YBR282W",264.521003560291,-0.296586085704511,0.0460378113548669,-6.44222818105704,1.17732095650192e-10,4.24464929757688e-10
"YBR283C",3245.67122268849,-0.096636039519034,0.0205771490088247,-4.69627932798615,2.64943173019195e-06,6.58433557514106e-06
"YBR284W",138.375493415595,0.028681807740661,0.0485309428483167,0.591000422767509,0.554520137689397,0.625745411280407
"YBR285W",96.6981412875677,-0.109242490452049,0.109830750561335,-0.994643939823048,0.319909468859133,0.389634779794967
"YBR286W",9138.1046450372,-0.261305479061682,0.0546615005211643,-4.78043003888098,1.74920623316513e-06,4.43359973395097e-06
"YBR287W",2048.86422295183,-0.584620089587557,0.0458699663355565,-12.7451606419511,3.31706842072024e-37,4.71448629465589e-36
"YBR288C",447.607370902015,-0.176331146609653,0.0589763862585178,-2.98986014227323,0.00279105208387464,0.00498045325161444
"YBR289W",530.382533626419,-0.159694644088826,0.0541864454243124,-2.94713267936882,0.00320735553438848,0.00566599864433958
"YBR290W",990.364581526741,0.134171521467151,0.0564853882658591,2.3753314899005,0.0175331961040036,0.0277585399308263
"YBR291C",279.78804802508,-0.144736826489432,0.0459286673744082,-3.15133956118397,0.00162523423984306,0.00297974049463764
"YBR292C",11.1596883272231,0.148070487221595,0.185417434634769,0.798579095397698,0.424534513090832,0.497677729303312
"YBR293W",390.346367622666,0.122563412390395,0.0385275743082635,3.1811868406184,0.00146673001269023,0.00271085070014938
"YBR294W",362.329057741957,-0.0870754425226815,0.0444361027178429,-1.95956524530485,0.0500466269010628,0.0731557047285192
"YBR295W",497.746987865646,-0.187087960232832,0.0474425923482077,-3.9434598948491,8.03144275960284e-05,0.00017232780643577
"YBR296C",555.442719026901,-2.95129734061858,0.183818073008605,-16.0555341067057,5.2286879042475e-58,1.2317857566205e-56
"YBR296C-A",7.0432728430374,1.07533562027259,0.228747842039694,4.70096509188483,2.58934781893744e-06,6.45366798785169e-06
"YBR297W",587.268823193554,0.195914136996854,0.0706471111081687,2.77313727233499,0.00555186956889476,0.00948145748868595
"YBR298C",1420.73768609415,-0.0499656117268288,0.0608428276736341,-0.821224351945777,0.411518487958184,0.484898197784233
"YBR298C-A",2.77077770986439,0.320956457437619,0.312412324299094,1.02734889911176,0.30425620453603,0.373279548957259
"YBR299W",191.388088421058,0.54675137723127,0.0754222987245095,7.24920065388561,4.192384210754e-13,1.7890453465122e-12
"YBR300C",12.4370693765491,0.661408630103789,0.181193349099767,3.65029198582565,0.00026194237056301,0.000531064417065412
"YBR301W",12.9729835715284,0.205451495902633,0.147215336271656,1.39558486979586,0.162839541267136,0.213773512285616
"YBR302C",696.863644867581,0.339630492031985,0.0626034821729429,5.42510544531295,5.79203370443858e-08,1.67761683590876e-07
"YCL001W",810.201978746002,0.196214957330497,0.0418778609764504,4.68541020853086,2.79399770319503e-06,6.9235987753165e-06
"YCL001W-A",9.53680681468839,0.499044924093801,0.175937218214577,2.83649434246002,0.00456117864587062,0.00788548577656296
"YCL001W-B",20.2859735938528,0.379018303523515,0.160192826031834,2.36601296644955,0.0179808146561586,0.0284214209604124
"YCL002C",338.533309147089,-0.0970171246467357,0.0454170812067953,-2.1361373753851,0.0326682181036398,0.049509731732747
"YCL004W",215.981717877887,-0.133977538763109,0.044903892510588,-2.98365088798299,0.00284831557133918,0.00507605254280886
"YCL005W",534.361029609787,-0.0835129879147741,0.0705215233865625,-1.18421985096662,0.236326046089659,0.297581341945957
"YCL005W-A",265.288800223374,0.190691094033414,0.060082678591925,3.17381146284384,0.00150451384288367,0.0027731915126465
"YCL007C",9.54662673194215,0.160925565767715,0.168237732587793,0.956536701323753,0.338801151280373,0.409310347674339
"YCL008C",1018.79321438256,0.140268274005343,0.101742893143566,1.37865426931997,0.16800137555092,0.220004085744295
"YCL009C",4705.70255699946,0.100177422462052,0.0997684650652617,1.00409906473476,0.315330866196469,0.385012607129129
"YCL010C",549.894839069122,-0.147915345373617,0.0729998710062304,-2.02624118830282,0.042740074736017,0.0633235961233872
"YCL011C",2827.29800961592,-0.0349325677339837,0.0280107996177786,-1.24711069339884,0.212356912538417,0.271222280236126
"YCL012C",158.641006538724,-0.0117375017184247,0.0530972965697316,-0.221056484542676,0.825048452365146,0.866093133499136
"YCL014W",300.468283621848,0.128504424155971,0.0809546434926966,1.58736322725656,0.112430402749424,0.153059319317888
"YCL016C",284.312523965172,0.367236521933928,0.0637996839952111,5.75608684772628,8.60861091996735e-09,2.64723444427606e-08
"YCL017C",1086.14666875868,0.174196178812518,0.0582270212918039,2.9916725078471,0.00277453729381014,0.00495355360605242
"YCL018W",0.0122055992256559,-0.287898914598924,2.9566127034175,-0.0973745780995078,0.922428932511171,0.941731764135403
"YCL019W",591.866030999435,-1.40154866723574,0.0433876380916084,-32.3029491551609,6.35866408223423e-229,5.68068184697263e-227
"YCL020W",0,NA,NA,NA,NA,NA
"YCL021W-A",60.9067902985705,-1.51483860788275,0.0822733181520094,-18.4122707325832,1.04737624108613e-75,3.32023095042925e-74
"YCL022C",0,NA,NA,NA,NA,NA
"YCL023C",1.37034449701878,1.00950636008848,0.496277207690034,2.03415821731431,0.0419356457648884,0.0623191417620798
"YCL024W",158.133379189531,0.513381723497027,0.0826879961371671,6.2086608393001,5.34380120978383e-10,1.82431804079916e-09
"YCL025C",1346.73503014123,-1.67260069630656,0.104686245398855,-15.9772727537791,1.84022829315211e-57,4.30575864918143e-56
"YCL026C-A",29.0489186314337,0.325533540641004,0.105629909851784,3.0818310940318,0.00205731538936953,0.00373410885579763
"YCL026C-B",216.31552616814,1.20003037594709,0.0739411800654185,16.2295269684008,3.11853370168505e-59,7.68902986877831e-58
"YCL027W",142.5113457846,1.10475986953753,0.0643933810572966,17.1564196723033,5.62778172081147e-66,1.54237093456024e-64
"YCL028W",1586.03678263044,-0.0569681436337818,0.0702219854807431,-0.811257944983685,0.417217555623096,0.491024733127678
"YCL029C",456.56261673361,0.0369356207197969,0.0379766713466518,0.972587101766974,0.33075855567134,0.401214619020129
"YCL030C",2712.30209569986,-1.71534591297285,0.1675330514656,-10.2388507698439,1.32804443576901e-24,1.14338143600188e-23
"YCL031C",788.237459614143,-0.149937111537602,0.0575479710590065,-2.60542828493232,0.00917594805396149,0.0151718171391678
"YCL032W",681.114770028725,0.214088622409655,0.0507371354003647,4.21956463880528,2.44774537929446e-05,5.54612663510099e-05
"YCL033C",739.758231041315,0.324770554585891,0.137633271868234,2.35968054945912,0.0182906779390404,0.0288714028321843
"YCL034W",1616.35854539676,0.311988733047393,0.0703946891805377,4.43199247953566,9.33662751201421e-06,2.20634354706787e-05
"YCL035C",1337.47416236764,0.144119755490797,0.10411183404672,1.38427832734292,0.166273247537669,0.217990026646013
"YCL036W",97.2885024072274,-1.86439205731222,0.14315074825815,-13.0239770311929,8.93910474864016e-39,1.3485109992521e-37
"YCL037C",28.4532600211886,-1.44948228821708,0.158606154372472,-9.13887795812204,6.31036349087416e-20,4.15794927717656e-19
"YCL038C",553.92092311387,0.0624259876343662,0.0447687623251334,1.39440950323793,0.163193979987454,0.214197937098587
"YCL039W",1003.59706941124,0.316282222060754,0.0539032800393739,5.86758768352732,4.42181179496765e-09,1.39658601182656e-08
"YCL040W",19543.2423589868,-0.23075822941842,0.113479498936916,-2.03347945294242,0.0420041073800487,0.0623669878410004
"YCL041C",8.84087708804013,0.684593383695251,0.187320884621226,3.65465594015071,0.000257527099204336,0.000522266779312096
"YCL042W",14.9930818083649,0.665329360572896,0.150213552225173,4.42922326725591,9.45730782386725e-06,2.23256075910717e-05
"YCL043C",10973.7615798473,0.387525982361949,0.0763865110547404,5.07322532487756,3.91128897725344e-07,1.0473985577985e-06
"YCL044C",466.447703769642,0.484360696122,0.0520990818856009,9.29691423709843,1.44580761389548e-20,9.90608623106273e-20
"YCL045C",2046.67464819312,0.082433152406596,0.0240401058817681,3.42898458151604,0.000605843944101292,0.00117695580103722
"YCL046W",0.79816554043259,0.60004019909049,0.616867021685973,0.972722123238987,0.330691426817274,0.401210074786822
"YCL047C",203.360813750706,0.0618729582926737,0.0499559310365208,1.23855079885191,0.215511898508579,0.274690818943953
"YCL048W",47.0136475585892,1.95774542386646,0.106190841319725,18.4361042773169,6.74278824531352e-76,2.14739075645888e-74
"YCL048W-A",17.1504030077669,1.92809805566515,0.181590007762813,10.6178642724855,2.46127835190149e-26,2.32570518993549e-25
"YCL049C",1049.39267731047,0.595019546995912,0.0619730550816115,9.60126213258873,7.89713928408948e-22,5.78534836371156e-21
"YCL050C",2260.65929993698,-0.257223656905626,0.025276040089396,-10.1765805084927,2.52270849289656e-24,2.14243354600438e-23
"YCL051W",1286.84697145521,0.242370857872462,0.0507911314009474,4.77191295384181,1.82484373381231e-06,4.61511031062311e-06
"YCL052C",836.952491045977,0.0713733425849108,0.0312472007572669,2.28415156734679,0.0223626248341809,0.0347979849383135
"YCL054W",707.57378740207,-1.01176531909149,0.151811384700915,-6.66462084569462,2.65349489561126e-11,9.96908322605674e-11
"YCL055W",312.446076172132,0.591019862375238,0.049054464532995,12.0482379738893,1.98140265585805e-33,2.52408682771251e-32
"YCL056C",233.210454639841,0.589444148417918,0.0644247813426896,9.14933875029447,5.72830988389026e-20,3.78894650877703e-19
"YCL057C-A",1283.23549811079,0.552075576891637,0.11381957401456,4.85044494034931,1.23184826518098e-06,3.15131432360729e-06
"YCL057W",1752.06002001592,0.392555472824377,0.0377901329935796,10.3877769599559,2.81845602021909e-25,2.50817062911865e-24
"YCL058C",27.3312950950019,0.46529205783027,0.281003659181481,1.65582206005997,0.0977578589878587,0.135171117985423
"YCL058W-A",0,NA,NA,NA,NA,NA
"YCL059C",1178.80162408292,-0.28532723963825,0.0798592308419166,-3.57287738224104,0.000353080115359717,0.000706057591151016
"YCL061C",343.543556919225,0.32590453409995,0.0613874800494372,5.30897397706322,1.10244070617962e-07,3.10425281121966e-07
"YCL063W",499.974068866361,0.694971122110141,0.0516933964227614,13.4440986702923,3.3344391881512e-41,5.47436925424632e-40
"YCL064C",3013.82491745614,-1.36974234279146,0.0275458690392736,-49.7258714487658,0,0
"YCL065W",23.0484135332568,0.459198088656771,0.116984716615768,3.92528273727406,8.6627927312772e-05,0.000184894046535699
"YCL066W",0,NA,NA,NA,NA,NA
"YCL067C",115.933106030824,0.255657111296435,0.0956779981387058,2.67205748730032,0.00753877321572524,0.0126424234400229
"YCL068C",35.3569832872716,-0.434032360860568,0.100822005683193,-4.30493678358675,1.67033426296442e-05,3.8570759969561e-05
"YCL069W",25.5339453086295,-0.0548694831778909,0.107824104843146,-0.508879561371837,0.610836647049952,0.678073802443582
"YCL073C",29.7156919975057,0.8788699053544,0.112548437769175,7.80881478920984,5.77282576272905e-15,2.76348423255485e-14
"YCL074W",0.0734115691691734,-0.287895563477751,2.26637898750321,-0.127028870751628,0.898917548087573,0.925142700971636
"YCL075W",0.022124038923153,-0.287898914598924,2.9566127034175,-0.0973745780995078,0.922428932511171,0.941731764135403
"YCL076W",0,NA,NA,NA,NA,NA
"YCR001W",25.3916572647714,0.124338552672891,0.12462339966539,0.997714337810847,0.318417898649599,0.388163589605661
"YCR002C",1084.93511880675,0.362524133348712,0.0324737940471271,11.1635903344896,6.14583768718292e-29,6.49419622889882e-28
"YCR003W",288.341026235678,0.0365609235397987,0.0387083520873407,0.944522863109838,0.34490252413185,0.415878082997896
"YCR004C",2519.63843012082,0.364714605538885,0.0568736794361827,6.41271338788845,1.42952124144316e-10,5.12170657285808e-10
"YCR005C",1878.03076226868,1.09963486089155,0.0885464253873021,12.4187380358015,2.0679775450179e-35,2.78387818633623e-34
"YCR006C",48.5295851671664,0.953470029431453,0.106341247551977,8.96613544960924,3.07100259986216e-19,1.93541871971493e-18
"YCR007C",155.150321705899,0.338895561039552,0.104630710367329,3.23896836645555,0.00119962877772752,0.00224367764056216
"YCR008W",1129.75823654371,-0.157793891457574,0.0419734397125458,-3.75937479840162,0.000170338494912435,0.000352408573384252
"YCR009C",1515.1764771304,0.0209519687685292,0.0558022865017791,0.375467925814496,0.707312496002382,0.764826702069569
"YCR010C",128.62006951424,1.07308110471047,0.1096421319899,9.78712366528333,1.27882017505973e-22,9.77444887137318e-22
"YCR011C",1584.48109099542,-0.0231389768717114,0.0475857640560775,-0.486258386950416,0.62678397919298,0.693413797502172
"YCR012W",39127.7595898875,-0.125342928611898,0.0804278841994862,-1.558451149865,0.119126339469067,0.161122707276389
"YCR013C",808.927005865054,0.272545688524125,0.12971038778143,2.1011862903639,0.0356246163946682,0.0536357487806791
"YCR014C",196.904739568099,0.28166469809787,0.0775108742984036,3.63387331967782,0.000279197984280167,0.000564717122570793
"YCR015C",103.604443716109,0.117391743338228,0.0658665341375905,1.78226689585647,0.0747057184017701,0.105632196687724
"YCR016W",394.613825761152,-0.655902367415479,0.0873724332578891,-7.50697151216462,6.05108889263406e-14,2.75300532357339e-13
"YCR017C",2634.29067235376,0.0955601319102212,0.0326170547765018,2.92975967833445,0.00339224243619359,0.00597267359062598
"YCR018C",192.628585563958,-1.67185266679631,0.0598283280278278,-27.9441649450522,7.76155309891817e-172,4.94367812661649e-170
"YCR018C-A",46.2067385980354,-0.480591648879233,0.0956919340607508,-5.02227960586652,5.10617748314433e-07,1.35045732051326e-06
"YCR019W",241.057694892247,0.374623408486544,0.044545463506222,8.40991156000021,4.10319992783635e-17,2.26714155048885e-16
"YCR020C",42.1755556091279,0.208760014802497,0.105232885033199,1.98379066331439,0.047279181415463,0.0694943352472158
"YCR020C-A",205.545844012247,0.233895041154555,0.0580850418512994,4.02676891846506,5.6548557667176e-05,0.00012337377995322
"YCR020W-B",81.3894675476852,-0.219557828263445,0.0863535889521997,-2.54254433344952,0.0110048639436669,0.0179517332389103
"YCR021C",647.956206686681,-2.46110978071793,0.168682548765736,-14.5901861142487,3.24311690495389e-48,6.31994367965377e-47
"YCR022C",22.7107644427929,0.459004332328439,0.131304483194936,3.4957247548585,0.000472776106764855,0.000932671877956822
"YCR023C",521.065204772265,0.0513252784902155,0.0342842324158887,1.49705199368644,0.134379729704759,0.17952964859954
"YCR024C",289.698570245146,0.555447992025165,0.0482028041368049,11.5231468785248,1.00858903795781e-30,1.14679074249782e-29
"YCR024C-A",1327.4805292791,-1.1160681638894,0.078032120784549,-14.3026762910997,2.10553937958131e-46,3.97912236047798e-45
"YCR024C-B",2950.63762414619,-0.948843983300904,0.159267499364906,-5.95754932478067,2.56048446604601e-09,8.24219590169888e-09
"YCR025C",81.9401402471348,2.54587945555516,0.0906521510799784,28.0840490294494,1.53427680469622e-173,1.0051704894767e-171
"YCR026C",810.953757270965,0.472830887668146,0.0503696380317863,9.38722028079217,6.16045822560204e-21,4.29795052068118e-20
"YCR027C",222.069663000288,0.253838724971461,0.0412880872314493,6.14798945634157,7.84712485677404e-10,2.62934105649044e-09
"YCR028C",411.224245878422,-0.115035293489145,0.0359308814244819,-3.20157171014359,0.00136680050204548,0.00253771137748201
"YCR028C-A",1231.90005454504,0.0126322344983645,0.0303273962019632,0.416528818176179,0.677023084254294,0.737605606047718
"YCR030C",1098.63662614938,-0.00141470297312227,0.0414402873969585,-0.0341383485005971,0.972766828614252,0.980463445280211
"YCR031C",15105.0702161147,-0.199732674377914,0.0857130184318393,-2.33024898705143,0.0197929952295535,0.0310574849872488
"YCR032W",478.732879489432,-0.137480283595666,0.0417993333180658,-3.28905445810655,0.00100524571452062,0.00189454390964036
"YCR033W",1081.24907094966,-0.0116517714422696,0.0408750049197395,-0.285058594247232,0.775599251509051,0.823356057273266
"YCR034W",1370.57014384023,-0.449354126985223,0.047402644304269,-9.47951603925089,2.55465127003494e-21,1.81919731745035e-20
"YCR035C",616.902614542674,-0.187803377497087,0.0410459219144713,-4.57544547028129,4.75207734111439e-06,1.15741976131164e-05
"YCR036W",705.003775990155,0.292061288192183,0.0468232409665885,6.23752824800376,4.44538853263538e-10,1.52899138579994e-09
"YCR037C",779.812989293111,-0.114293669250242,0.0273877985474503,-4.17316014108341,3.00403636087249e-05,6.72900232056068e-05
"YCR038C",238.711799405741,-0.136559110413586,0.0624232599743818,-2.18763182937945,0.0286964313855888,0.0438770285622284
"YCR038W-A",0,NA,NA,NA,NA,NA
"YCR039C",176.985317251223,0.268124661747177,0.0737986693361466,3.63319100681737,0.000279937632329964,0.000566046729217466
"YCR040W",0,NA,NA,NA,NA,NA
"YCR041W",12.9275232906825,0.417349139517551,0.158495820746246,2.63318703012196,0.00845877533091906,0.0140720472796595
"YCR042C",893.892074224941,0.143722833762386,0.0467560680231667,3.07388623207526,0.00211289990469323,0.00382994425411982
"YCR043C",427.356362574565,-0.20927535716018,0.0561597976981917,-3.72642647832969,0.000194213687549034,0.000399520321964654
"YCR044C",815.964552170025,0.305223050487826,0.0457740697537879,6.66803393557919,2.59252846949522e-11,9.75068526061104e-11
"YCR045C",271.713797391773,-0.227173841325875,0.058479264447567,-3.88469047057801,0.000102460340449983,0.000216669130634932
"YCR045W-A",0,NA,NA,NA,NA,NA
"YCR046C",705.05250532141,-0.143122958462624,0.0757175534140054,-1.89022164622861,0.0587283228390973,0.0847298936262899
"YCR047C",394.090876813245,-0.215413526233932,0.101001945433672,-2.13276610969237,0.0329439176685712,0.0498397206162528
"YCR047W-A",0,NA,NA,NA,NA,NA
"YCR048W",932.872860026239,0.0337743677778843,0.0858992815492919,0.393185684079365,0.694182342471699,0.753793265013863
"YCR049C",1.50857420501577,0.0952497944772549,0.411600128931534,0.231413422353662,0.81699363861043,0.858554726550741
"YCR050C",4.80926018342386,0.342842313573133,0.251124150242082,1.36523035814212,0.172180659585537,0.224963106797513
"YCR051W",1940.52155467949,-0.130088342576969,0.0901452341964448,-1.44309728336254,0.148993068519622,0.197100638143554
"YCR052W",1225.61726973861,-0.164996178703183,0.0749386124710713,-2.20175118356878,0.0276828890685328,0.0424310592474235
"YCR053W",3344.79388025043,-0.273486634737435,0.021169656035491,-12.9188038898192,3.52579776893158e-38,5.1604176281873e-37
"YCR054C",102.730518560736,-0.285363947948749,0.0763777048674599,-3.73622051675876,0.000186806862118099,0.000384974357252967
"YCR057C",645.048850853615,-1.43105133923086,0.116370963880729,-12.2973230736283,9.36258215111885e-35,1.23381614209859e-33
"YCR059C",1029.00047415383,0.111074949766182,0.0765082723136641,1.45180313719284,0.14655635136851,0.194475528754626
"YCR060W",348.270718586695,0.346284458804671,0.0852321105920066,4.06284035910225,4.84791858112311e-05,0.000106308039271743
"YCR061W",533.912322295912,0.195607979506541,0.0882949400762357,2.21539285646096,0.0267331112317217,0.0410667869948669
"YCR063W",39.3785525061885,-0.0716343675722829,0.116244193734835,-0.616240392493823,0.537735873116915,0.609705797127288
"YCR064C",2.69004263439107,-1.05267049254224,0.33222867249448,-3.16851187056932,0.00153221491880437,0.00282198297897062
"YCR065W",346.772238869076,0.359648763569079,0.046892233813186,7.66968715975194,1.72416350976441e-14,8.06838148548939e-14
"YCR066W",202.591777777378,0.0719118051019626,0.0520142284673751,1.38254103196143,0.166805640781199,0.21864634202246
"YCR067C",1074.05410544704,-0.109384772898584,0.0306271541595529,-3.57149646776651,0.000354947336098896,0.000709585215060828
"YCR068W",352.443551019061,-0.213936427774936,0.102093581292364,-2.09549341953525,0.0361271528114078,0.0543328999102917
"YCR069W",1681.50563075982,0.343986758753905,0.0482167109380916,7.13418132554855,9.73649094348635e-13,4.04452422706779e-12
"YCR071C",301.534566772222,-0.130457793053044,0.0428678623083775,-3.04325399094019,0.00234034709096205,0.00421888040847168
"YCR072C",157.480028498197,-1.64944603468079,0.166207063647025,-9.92404292866717,3.2722682447757e-23,2.59331028292765e-22
"YCR073C",840.83476110591,0.0156028890741932,0.055012250430173,0.283625718856892,0.77669722535776,0.824267234377666
"YCR073W-A",1091.69300205019,0.273598849006169,0.0815594044113678,3.35459596573555,0.000794809791377302,0.00151874904302346
"YCR075C",407.405242780445,0.46291593971878,0.0731552526858677,6.32785647951438,2.48590187123881e-10,8.6892880956564e-10
"YCR075W-A",328.628779427024,0.500945423530604,0.113824593816196,4.40102974880396,1.07738350626129e-05,2.52946113978547e-05
"YCR076C",460.50457127673,0.449485896557535,0.0614140009243479,7.31894828202496,2.49921885998257e-13,1.08948837375286e-12
"YCR077C",1859.44927880033,-0.356137844542197,0.0346446655756712,-10.2797310530915,8.69699466020918e-25,7.59221145527651e-24
"YCR079W",754.33164949737,0.557581554151547,0.0710450120573959,7.84828572766076,4.21762451749512e-15,2.03743251796692e-14
"YCR081C-A",0,NA,NA,NA,NA,NA
"YCR081W",167.762859009308,-0.501515172570619,0.0506119786203352,-9.90902126812163,3.80353781226036e-23,3.00741800121138e-22
"YCR082W",687.183806471239,0.188208590928643,0.0431667836578182,4.36003276085071,1.30042973299284e-05,3.03654315453421e-05
"YCR083W",344.537393316681,0.144527169706692,0.0785188462164481,1.84066853591153,0.0656701474877308,0.0938008605830773
"YCR084C",2079.04883676461,-0.54156271533398,0.0448574555820016,-12.0729699959013,1.46740936518396e-33,1.87975959461833e-32
"YCR085W",10.0324213440535,-0.0405306296460704,0.170782233705203,-0.237323454359033,0.81240586783453,0.855157805971714
"YCR086W",125.028230488516,0.244280065142476,0.0691395788007411,3.53314366936609,0.000410649246636207,0.000815019090481958
"YCR087C-A",0,NA,NA,NA,NA,NA
"YCR087W",1.07710265404171,-0.227563724550535,0.499904715930954,-0.455214198423297,0.64895514677727,0.712323738684749
"YCR088W",2273.08056427513,0.203875303749191,0.0498126816804628,4.09283935077026,4.26122957045783e-05,9.41631809032426e-05
"YCR089W",543.077217766654,0.370571506192584,0.0953720175041257,3.88553703581402,0.000102103924954031,0.000215981826494089
"YCR090C",503.447734648267,-0.167893731009084,0.0378603213070644,-4.43455642247169,9.22620550876327e-06,2.18174863165289e-05
"YCR091W",553.462248435449,0.0728210012479769,0.0801403343518728,0.908668547952909,0.363525111100427,0.435895709715878
"YCR092C",335.186241415376,-0.273377197330741,0.0514205263659087,-5.31649939530739,1.05782573939414e-07,2.98351097223957e-07
"YCR093W",1207.86058138148,-0.567109092996299,0.0438930594474814,-12.920245253691,3.46036725250345e-38,5.07545124306423e-37
"YCR094W",431.119789638428,0.177768376664084,0.0351973860695387,5.05061302884456,4.40394429310967e-07,1.17285066946579e-06
"YCR095C",242.372469128934,0.11832430794004,0.104666968077586,1.13048376305627,0.258272436420823,0.322091386899717
"YCR095W-A",11.1023815173283,-0.352491211576911,0.164071443662603,-2.14840074365271,0.0316819337688144,0.0481210029577554
"YCR096C",110.073806549244,0.187504190663727,0.085324156775753,2.19755105411146,0.0279811144676445,0.0428690615641261
"YCR097W",219.801466249343,0.300661085495123,0.154447764995519,1.94668459918371,0.0515725591104339,0.0752263855217716
"YCR097W-A",8.76284673722448,0.0505980399136041,0.183216711526,0.276164982398037,0.782421351715317,0.829190645270323
"YCR098C",73.7231895525827,0.0720690711944902,0.0713063003798901,1.01069710264782,0.312161424207389,0.381481335427719
"YCR099C",83.8318950004879,0.263998640415152,0.0589654536486381,4.47717475368308,7.56373340113525e-06,1.80537550542711e-05
"YCR100C",86.7551643399977,0.0556934570639972,0.0665820366727588,0.836463704733494,0.402894087157709,0.476695635630871
"YCR101C",21.6988434438994,-0.265883487399445,0.137207357040096,-1.93782238165076,0.052644896163441,0.0766605081939692
"YCR102C",115.544143734842,0.192127729099599,0.0724629519926864,2.65139252288522,0.00801606209037143,0.0133938525916116
"YCR102W-A",4.48944855855602,0.302272918364933,0.262596748621474,1.15109162604542,0.249694542670131,0.312238882359946
"YCR104W",38.8909519180642,0.211099371656487,0.150224983395573,1.40522146772764,0.159955432353741,0.210348579461171
"YCR105W",121.498322866925,0.299809148616933,0.0702752432576836,4.26621288975976,1.98819070020096e-05,4.54830855559774e-05
"YCR106W",128.791195433351,-0.23998979978852,0.0731500100446585,-3.28078970381556,0.00103516894908358,0.00194827009596333
"YCR107W",285.774733093379,0.385971764247021,0.0451109307471319,8.55605853957162,1.16792008705193e-17,6.67285903557329e-17
"YCR108C",0.796493063191476,1.05857220046,0.633477540467678,1.67104929983546,0.0947119404736819,0.131170412425701
"YDL001W",244.589645906485,0.246323148836829,0.0455754743106234,5.40473034154277,6.49059650531389e-08,1.86658918729324e-07
"YDL002C",381.695428571628,0.194239434501989,0.0629152182901769,3.08732036192135,0.00201969802362146,0.00367067442655007
"YDL003W",364.797700527429,0.674662899079333,0.0546414155779747,12.3470977452363,5.05005558493691e-35,6.706434820228e-34
"YDL004W",1164.65428632583,0.356017455578488,0.0602481280660134,5.90918700724448,3.4380023590394e-09,1.09592299480223e-08
"YDL005C",863.026453341741,-0.03321820365395,0.0524924835462474,-0.632818289587761,0.52685231172741,0.599143172817466
"YDL006W",394.04235912476,-0.0500114181855531,0.0405973844165644,-1.23188769188656,0.217991039721194,0.277336287960397
"YDL007C-A",0.0941852250920173,0.144912477507323,1.85782281435653,0.0780012369250158,0.937827069068284,0.953396602418772
"YDL007W",3305.02938122117,0.196558016420188,0.0374533060971929,5.24808186252268,1.53691005756174e-07,4.27547631213346e-07
"YDL008W",371.641712606136,-0.0443083877962229,0.0909030096451557,-0.487424871510666,0.625957271586251,0.692833478880422
"YDL009C",135.703889179595,1.06935324996148,0.105162833443723,10.1685473369613,2.73963908412089e-24,2.32093316005759e-23
"YDL010W",218.762623423976,0.714471400877555,0.0759733887606331,9.40423235731418,5.24113774033785e-21,3.67146502197393e-20
"YDL011C",0.383817196889906,-1.13148867321261,0.785144481054292,-1.44112160311341,0.149550331378604,0.197799794184468
"YDL012C",642.613596978654,-0.021761824796172,0.0780271616367459,-0.278900633313869,0.780321082504357,0.827602332184316
"YDL013W",659.12063003989,0.153280244076826,0.0298081797744745,5.142220868115,2.71509656461934e-07,7.39982142155961e-07
"YDL014W",5647.82476027899,-0.709285829081057,0.0727280244438517,-9.75257934620027,1.79839772108287e-22,1.36849313311162e-21
"YDL015C",1525.49824621535,-0.242931560205929,0.0405378642628639,-5.99270742609089,2.06375946917672e-09,6.69651008889936e-09
"YDL016C",195.679792634902,0.0117571017860223,0.0628559149228397,0.187048455192404,0.851622641571826,0.888430717526932
"YDL017W",239.66490273015,0.318340817358311,0.0383799732902968,8.29445124806259,1.09087604977924e-16,5.89021691242653e-16
"YDL018C",302.039559949593,0.59475820237599,0.0583266909792245,10.197016021153,2.04457822655679e-24,1.74283192323224e-23
"YDL019C",1602.73825114789,-0.19682215857446,0.053634445617669,-3.6696968954895,0.000242838234620977,0.000493204669606644
"YDL020C",1096.99935770809,-0.141106591801379,0.0551801039135647,-2.55720054500824,0.0105518365105156,0.0172741750013891
"YDL021W",186.544466514973,0.794260372016355,0.0836965227264439,9.4897654782187,2.31554627671845e-21,1.65406467679608e-20
"YDL022C-A",0.736019342152735,0.186410297456792,0.619632581993637,0.300840050820158,0.763536466138252,0.813059961387776
"YDL022W",3588.44181166948,-1.15875376114809,0.0902390638436098,-12.8409328708937,9.67021344008409e-38,1.40045048956502e-36
"YDL023C",3.27478000569886,-0.64402039782246,0.310948284013021,-2.07114954779905,0.0383448227422018,0.0573421816616535
"YDL024C",56.8958922687299,1.22183045537782,0.0874486930078476,13.9719693154038,2.31145639808499e-44,4.14075743813194e-43
"YDL025C",740.280431470696,-0.192576713444641,0.0637980405954095,-3.01853648869739,0.0025399881229603,0.0045608400673046
"YDL025W-A",0,NA,NA,NA,NA,NA
"YDL026W",0.673901436396719,-0.0283923861661638,0.653653461875139,-0.0434364503856743,0.965353621902845,0.974276344640503
"YDL027C",469.988543964597,0.155845304400783,0.0747671223146511,2.08440955832059,0.0371229291358515,0.0556237485352913
"YDL028C",350.828784292648,0.0497646515994104,0.0590836755125504,0.84227413355216,0.399634526184041,0.473326049955415
"YDL029W",3057.50287470977,0.157394275094623,0.0547590724185991,2.87430498989175,0.00404917738698358,0.00704993450900026
"YDL030W",307.282839180172,0.0318664608288061,0.0540376946257903,0.589708000118817,0.555386430797099,0.62637716967571
"YDL031W",748.229748057537,-0.833101041056407,0.121897643782575,-6.83443104562697,8.23311249567002e-12,3.1997503309443e-11
"YDL032W",0.126516956475045,-0.287893312695135,1.54321630260808,-0.18655408979842,0.852010265722971,0.888700321138486
"YDL033C",158.322094598333,-0.661667569606249,0.0605252229872887,-10.9320963550223,8.09562323307477e-28,8.15370310692845e-27
"YDL034W",5.05005345042002,0.39677575408132,0.241489569589661,1.64303474785897,0.100375744106355,0.13818475487646
"YDL035C",928.188655285811,0.505411603748808,0.0287718732473442,17.5661695505162,4.47378117260074e-69,1.26646669491031e-67
"YDL036C",235.783226453214,0.0260377465000478,0.0778477395106763,0.334470167839322,0.738024798553092,0.791653296311667
"YDL037C",190.639627643384,-4.16258830533609,0.141430186015124,-29.4321065581499,2.13334434406692e-190,1.57798663901466e-188
"YDL039C",1564.71448835343,-3.10438426828357,0.102372114999674,-30.3245104225253,5.44877286957465e-202,4.30828834135679e-200
"YDL040C",1453.73992687559,-0.0672618800502238,0.0659005837416705,-1.02065681715187,0.307417060424691,0.376486017208733
"YDL041W",0.396079637348333,0.129176683127998,0.820772174862695,0.157384335244561,0.874941958267124,0.907697682572209
"YDL042C",241.157845196872,-0.20987298285543,0.0765049817834001,-2.74325903964816,0.00608326761679713,0.0103350945754378
"YDL043C",199.649401761587,-0.548398374784924,0.0428023210665204,-12.812351319281,1.39832154154575e-37,2.01657314136127e-36
"YDL044C",158.579292004524,0.173601186736482,0.0470502768176129,3.68969533185606,0.000224522779828035,0.000458442327823406
"YDL045C",548.219875250426,0.252507038502426,0.0474986633207527,5.31608725065118,1.06022326272569e-07,2.98904746897132e-07
"YDL045W-A",390.935418977424,-0.145010330260084,0.0548088102595872,-2.6457485497912,0.00815103812393863,0.0136028605663692
"YDL046W",2375.25798570441,0.260139295535659,0.0617021652868862,4.21604808074616,2.48620774335308e-05,5.6288660532614e-05
"YDL047W",967.148057236881,-0.0192303376673443,0.0408792544683592,-0.470418013181447,0.638056397119798,0.702945220337459
"YDL048C",1397.37345884425,-1.30460239095625,0.0602040266256893,-21.6696866318834,3.96444646032237e-104,1.64285706027455e-102
"YDL049C",308.174683132129,-0.268684760721886,0.080742396302783,-3.32767880351633,0.000875727709476174,0.00166091285180221
"YDL050C",45.8229714386623,-0.330937180834192,0.0923066025436454,-3.58519511838511,0.000336826286067442,0.000674731514810114
"YDL051W",664.283057687815,-0.663105782214057,0.0606700251025461,-10.929710035446,8.31135790568927e-28,8.35874722708135e-27
"YDL052C",1369.06345705906,-0.311519531545707,0.0590513865071889,-5.27539741184202,1.32468700033303e-07,3.70277199321046e-07
"YDL053C",595.537362300906,-0.106649413237912,0.0388236971584444,-2.74701847180248,0.00601397472674374,0.0102274739543313
"YDL054C",545.844926338823,0.347383249364977,0.0736594094100305,4.71607432298626,2.40438634826332e-06,6.0035476187671e-06
"YDL055C",13451.6842102615,-0.452943574160247,0.0657032691146059,-6.89377530622077,5.43308182834716e-12,2.14178624052723e-11
"YDL056W",508.85080077111,0.153830127679367,0.0504035922915557,3.05196754210589,0.00227346682987127,0.00410908521352719
"YDL057W",204.908932084357,0.496850319112331,0.077857091912228,6.38156790742267,1.75283961980801e-10,6.2121503063675e-10
"YDL058W",953.923759921626,0.20171824713294,0.0886784409756737,2.27471575857175,0.0229229865384393,0.0355712213845982
"YDL059C",207.212611515432,0.632636020077283,0.0577409381711577,10.9564555082566,6.18755636441814e-28,6.25944121041652e-27
"YDL060W",715.950605253407,-1.05404475334732,0.117879223686349,-8.94173477212491,3.83108178854475e-19,2.40895901493596e-18
"YDL061C",4323.44811774234,-0.263880392551737,0.110634732004447,-2.38514965211044,0.017072174901365,0.0270660269984996
"YDL062W",2.24090023938923,-1.67208554359286,0.383708646861614,-4.35769576023108,1.31438919709106e-05,3.067056745858e-05
"YDL063C",169.743618747043,-1.28406871673443,0.150759713826837,-8.51731994005584,1.63287944520647e-17,9.25253517592696e-17
"YDL064W",470.093874936511,-0.0603066799955937,0.061280238964099,-0.984113003066525,0.325059954208067,0.395068449646164
"YDL065C",628.884621193432,0.0267096912738159,0.0400359201190265,0.667143185279823,0.504680677617147,0.577845935640539
"YDL066W",1577.2728104275,0.196961872864212,0.0659351872063016,2.98720427149084,0.00281541534877102,0.0050213228374892
"YDL067C",537.314276974967,0.43385031897626,0.0525512027679239,8.25576382889322,1.50933820783178e-16,8.07366837610796e-16
"YDL068W",1.92148703602915,-0.43440645482938,0.421824033244805,-1.02982860290768,0.303090471192064,0.372247697077344
"YDL069C",78.7799630140233,0.163605144110795,0.112077038382569,1.45975613267311,0.14435710867236,0.191853274837165
"YDL070W",1421.60013388113,-0.684813167571719,0.0621768267007584,-11.0139613729011,3.27289475956033e-28,3.34535557964569e-27
"YDL071C",28.5682603752564,-0.00837686712387546,0.117900977233614,-0.0710500228278615,0.943357943593568,0.95699149004279
"YDL072C",2532.774439632,0.258673517906176,0.0654197925417166,3.95405591879899,7.6837439184231e-05,0.000165176482546352
"YDL073W",573.866453928015,0.052207409059092,0.0705218646387449,0.740301030418431,0.459117355869522,0.532591617373768
"YDL074C",899.235774259821,-0.0250649075434983,0.0785310692669093,-0.31917186124524,0.749596193407022,0.801316583441633
"YDL075W",9476.39990734502,-0.328677417490875,0.0411283443575521,-7.99150616503051,1.33300050559045e-15,6.7226616407307e-15
"YDL076C",592.791002003722,0.211174901029439,0.0350271091031838,6.02889894245495,1.65080466935505e-09,5.39215827183921e-09
"YDL077C",414.915754383102,-0.00321043060119643,0.042584259681399,-0.0753900766437126,0.939904354432235,0.954526939491383
"YDL078C",2079.23720300836,0.0798667792700271,0.0462086652525587,1.72839398916862,0.0839176124093806,0.11752286087927
"YDL079C",688.393566559775,-0.451467414674771,0.101053498252718,-4.46760797479496,7.90990893703093e-06,1.88212603174804e-05
"YDL080C",523.071319159898,-0.305049954600989,0.0281301018314073,-10.8442534772626,2.12362423772649e-27,2.09890964530467e-26
"YDL081C",8774.23527081923,-0.294725566466894,0.049427973861576,-5.96272805541814,2.48061078214657e-09,8.0038093669729e-09
"YDL082W",5597.54193798762,-0.410831620095047,0.0440007239663291,-9.33692864711568,9.9169054495005e-21,6.86301736288873e-20
"YDL083C",8498.04441228565,-0.481975659585788,0.0647962322437731,-7.43832847830603,1.01967257720036e-13,4.57555620258401e-13
"YDL084W",4276.91967468385,-0.19492305727358,0.0332990457910309,-5.85371300117201,4.80717893785589e-09,1.51482290029824e-08
"YDL085C-A",301.169343525658,0.264399480651977,0.0757871849012911,3.48870961490842,0.000485358105405089,0.00095557481599359
"YDL085W",104.062468318209,0.973546366737297,0.118727278961942,8.19985411313405,2.4067893184344e-16,1.27454224184067e-15
"YDL086C-A",0,NA,NA,NA,NA,NA
"YDL086W",608.394974399526,0.236492816106759,0.0776310796830726,3.04636773148379,0.00231624363025752,0.00417871490494139
"YDL087C",295.996952732892,0.184001844541838,0.0544315981551724,3.38042333457286,0.000723742626989602,0.00138951312616843
"YDL088C",737.872703859146,-0.0172292225883301,0.0331708359663446,-0.519408754298839,0.603475727824504,0.670972932229637
"YDL089W",328.633095956437,0.036435920609696,0.0524885779174017,0.694168561149307,0.487576506188353,0.560782274882073
"YDL090C",388.802843783933,0.441982382357994,0.0323502718444011,13.662400875141,1.70275706982729e-42,2.88504085796599e-41
"YDL091C",413.74720072776,0.164866458486783,0.0501862115314893,3.28509471936007,0.0010194809278376,0.00191979449838347
"YDL092W",651.75029350992,-0.00554060838924159,0.0312919926715375,-0.177061539269795,0.859460051761683,0.894842696544365
"YDL093W",439.282845261714,0.0141406748338682,0.0408744264311102,0.345954085929521,0.729377220633446,0.784089060905997
"YDL094C",22.6793574033869,0.317535514106293,0.178617090973153,1.77774429298045,0.0754458614692271,0.106591103110867
"YDL095W",2224.6736488995,-0.0270366203279464,0.0445396229729489,-0.607024005218164,0.543834981440018,0.615403987058049
"YDL096C",1.7605880750115,-0.671081309931439,0.442384281395851,-1.51696463494133,0.129275613128905,0.173343689724829
"YDL097C",3314.98399914195,-0.0262549022031548,0.0470192473868749,-0.558386270778202,0.576580645829929,0.647030711690715
"YDL098C",138.611214575881,0.235902874215689,0.061145399756933,3.85806414143103,0.000114288658503507,0.000240425590778479
"YDL099W",1092.93342865816,0.161234294057628,0.0544780201225189,2.95962103055541,0.00308017685918853,0.00545533898412922
"YDL100C",3057.96953218273,0.135350961543173,0.060114493775102,2.25155287923646,0.0243505416672604,0.0376336499953009
"YDL101C",229.345306968507,0.0566025451700967,0.0462503682601147,1.22382906989542,0.221016715584017,0.280460060229193
"YDL102W",376.434762078575,-0.168664402704932,0.0503078074261755,-3.3526486510556,0.000800422456021866,0.00152862467378524
"YDL103C",663.34230151938,0.256324071435823,0.0400323976089773,6.40291580682998,1.52437263293774e-10,5.44735550232661e-10
"YDL104C",140.195689421318,-0.0154531409805368,0.0555499581112994,-0.278184565856468,0.780870682105138,0.827929935604385
"YDL105W",114.049748330932,0.436656026038476,0.0621966002685848,7.02057707580247,2.2095373106734e-12,8.97249537197305e-12
"YDL106C",644.212199950307,0.150566375323371,0.0475769074978003,3.16469445455933,0.00155245885637849,0.00285697283922623
"YDL107W",210.982393500547,0.0370991439908733,0.0653317879112435,0.567857473015654,0.570131750657848,0.64111209668423
"YDL108W",327.855646363229,-0.247338231460829,0.0448902573924775,-5.50984213118538,3.59155667197788e-08,1.05672875733686e-07
"YDL109C",167.390648141989,-0.150053986685763,0.0593610663501134,-2.52781824707696,0.0114773751106577,0.0186914922789333
"YDL110C",1974.34181290741,0.172221664614028,0.0965060287497363,1.78456897299796,0.0743312578492069,0.105189204432153
"YDL111C",538.17510886157,-0.34860354372325,0.0560872153029027,-6.21538334254238,5.11994997089622e-10,1.75311776255824e-09
"YDL112W",737.176270545611,-0.518165401268422,0.0897204933557812,-5.77532938002992,7.68026919180368e-09,2.37023650831842e-08
"YDL113C",597.680907952347,0.168350654925917,0.0602585223115083,2.79380655993559,0.00520916286548333,0.00892943716712182
"YDL114W",5.57019284202535,0.19510849911824,0.221625329673035,0.880352888390889,0.378668169735062,0.451761765453953
"YDL114W-A",4.17506884169783,-0.159651922852498,0.246525676285594,-0.647607686379674,0.517238724584615,0.589477333733858
"YDL115C",484.691765943684,0.362910404482079,0.0563247779817431,6.44317505520771,1.16999612659921e-10,4.2204527293529e-10
"YDL116W",589.335174258383,-0.082961405362982,0.0515044169985484,-1.61076292476663,0.10723140481164,0.146644755713461
"YDL117W",631.67858236593,0.198561653670126,0.0447551349163008,4.43662283761334,9.13811981484965e-06,2.16166183653201e-05
"YDL118W",9.3819441968385,0.645537486880652,0.179113566759699,3.60406807010165,0.000313274952031236,0.000629754060497625
"YDL119C",232.594902308338,0.545798116848385,0.057665369464167,9.46492014045868,2.93785464225739e-21,2.0856039302465e-20
"YDL120W",534.013102309761,-0.147388142139435,0.0337687091100981,-4.36463655329248,1.27334287643304e-05,2.97531441813276e-05
"YDL121C",560.822809558545,0.334892454471598,0.0451384451761151,7.41922884505569,1.17804213356952e-13,5.24514681995127e-13
"YDL122W",1344.70878295822,-0.266064001232947,0.0602062389342825,-4.41920980188393,9.90624436981541e-06,2.33213740656948e-05
"YDL123W",430.244467747155,-0.0294613215161362,0.0393103436688796,-0.749454692238154,0.45358319706468,0.527238731430877
"YDL124W",2537.64801263196,-0.661260738406651,0.093982422274191,-7.03600441875655,1.97830666225759e-12,8.06206844174759e-12
"YDL125C",2645.37810098512,0.122697902506811,0.0793224167951676,1.54682506489496,0.121905434437433,0.164493425558082
"YDL126C",10732.7582095143,0.0391009121293774,0.0601971300870374,0.64954777865394,0.515984374528408,0.588535319578995
"YDL127W",207.731224440162,0.654593344411038,0.0584506176529592,11.1990834433534,4.11973642935625e-29,4.38694534017673e-28
"YDL128W",1405.83075536819,-0.000526241100586557,0.0312376688462387,-0.0168463627416269,0.986559183016282,0.991894273599679
"YDL129W",83.7623673045311,-0.425578615133274,0.0874062886220034,-4.86897020617966,1.12181318158175e-06,2.87838600376757e-06
"YDL130W",10300.0651776286,-0.153450072400983,0.0818069219329413,-1.87575902839578,0.0606883763373008,0.0872466751983891
"YDL130W-A",470.207608311738,0.311719306410469,0.109699989186294,2.84156186999348,0.0044893140152379,0.00776905436750226
"YDL131W",2100.63222804909,-0.149899246363434,0.0550775670205196,-2.72160254115051,0.00649662263820732,0.0109912117875623
"YDL132W",1688.42320405095,0.148793865359292,0.0350227096634758,4.24849666941861,2.15209845825683e-05,4.90370496666073e-05
"YDL133C-A",6673.40436057749,0.0931935529530479,0.102793881993282,0.90660602699233,0.364615173449076,0.436890398564046
"YDL133W",616.497444371718,0.310475322617231,0.0276716150726765,11.2199928266493,3.25296832546559e-29,3.48554035994982e-28
"YDL134C",1836.17265422043,-0.0412737702932064,0.0556100509766329,-0.742199828418599,0.457966272528511,0.531435558151759
"YDL135C",629.464665917495,0.25469935747485,0.0537150312271791,4.74167754641414,2.11955790295825e-06,5.31744668652437e-06
"YDL136W",7991.60222349815,-0.320101456005014,0.045084190100174,-7.10008220828122,1.2468270078636e-12,5.15440083358995e-12
"YDL137W",3548.94570485014,0.584635342754835,0.0542869429886353,10.7693546655818,4.80356228729543e-27,4.66718996812221e-26
"YDL138W",506.213516930993,0.211397206104359,0.0566708773237079,3.73026175149617,0.000191280946270889,0.000393722809514496
"YDL139C",225.446109034924,0.325478154021231,0.0527165176528551,6.17412091148634,6.65326113612466e-10,2.24241956665367e-09
"YDL140C",4486.58878544964,-0.228689976431121,0.0814516329192458,-2.80767822859798,0.00499000586854128,0.00857976059670514
"YDL141W",509.866073101709,-0.0467883487040096,0.0335936992047676,-1.39277155572582,0.163688882446514,0.214806528490951
"YDL142C",330.437952081522,0.412047373967023,0.0432222081892902,9.53323282703363,1.52459965533685e-21,1.1004953860506e-20
"YDL143W",2959.05632821001,-0.439488976949143,0.0453350303165545,-9.69424689650332,3.18982206892881e-22,2.39288833284202e-21
"YDL144C",882.985598636336,0.447771852453192,0.0823196369583701,5.43942938766402,5.34514888382022e-08,1.55210127360909e-07
"YDL145C",3494.3687749209,-0.238169756717704,0.0378496005872001,-6.29253025191096,3.12332432586765e-10,1.08293084867155e-09
"YDL146W",481.53894607263,-0.370037515703735,0.0378146046938852,-9.7855714399038,1.29859640339941e-22,9.91458896668647e-22
"YDL147W",2171.1698849841,0.0965857467379322,0.0569299645890326,1.69657134753495,0.0897777306419149,0.124839500522687
"YDL148C",679.641708942976,-0.857981394057907,0.124224240370573,-6.90671475630251,4.96005837587349e-12,1.96432018236233e-11
"YDL149W",368.98867399395,0.251972924050805,0.0536272473505229,4.69859887463249,2.61952365168376e-06,6.52415032582643e-06
"YDL150W",333.012525909594,-0.745408176871933,0.11265047502161,-6.61699985489578,3.66561855573892e-11,1.36819262316484e-10
"YDL151C",4.69815943630013,-0.955739595441904,0.313091220907314,-3.0525914865075,0.00226874562078119,0.00410162973071059
"YDL152W",0.163525503686058,-1.00923876671273,1.31448018493571,-0.767785454873243,0.442614657199176,0.515796413158247
"YDL153C",1087.28341103189,-0.679815518691606,0.0985399855128889,-6.89887983191034,5.2414183959773e-12,2.06860109844681e-11
"YDL154W",93.1187399009403,-1.47242029264411,0.0634350924488853,-23.2114470997352,3.48930778732492e-119,1.57914133348737e-117
"YDL155W",696.555759681331,0.281467766616269,0.0293554822811331,9.58825216771074,8.95897660272758e-22,6.54928799682922e-21
"YDL156W",136.775246177058,0.103406815806065,0.0640497387737146,1.61447677673437,0.10642405014551,0.145747768455299
"YDL157C",496.962936797992,0.527861865054718,0.0561312806828632,9.40405881770435,5.24979301729234e-21,3.67378699551923e-20
"YDL158C",55.37158257448,0.305484259455914,0.190070587710442,1.60721478865155,0.108007259012364,0.147534141133052
"YDL159C-B",0,NA,NA,NA,NA,NA
"YDL159W",276.963729382873,0.118075184304641,0.0459295406178362,2.57078957717221,0.0101466957814257,0.0166465824661167
"YDL159W-A",1.55368655643984,-1.29390601072873,0.501454412025362,-2.5803063642469,0.00987126983095118,0.016256754887985
"YDL160C",819.899819266689,-0.388871804937143,0.0776817289971092,-5.00596227655558,5.55836429218484e-07,1.46554189214027e-06
"YDL160C-A",193.744948674335,0.0774663541126539,0.0752747072747762,1.02911531531936,0.303425490136268,0.372592635959904
"YDL161W",1512.63079018026,0.0359111138523759,0.0736983274644995,0.487271761624093,0.626065756414596,0.692842075028315
"YDL162C",1.66135443234064,-0.499150518364336,0.407151654702836,-1.22595723878034,0.220214767131175,0.279597154502649
"YDL163W",0,NA,NA,NA,NA,NA
"YDL164C",453.32816108635,0.112218722400393,0.0481491757541026,2.33064680013408,0.0197719915584361,0.0310386877979191
"YDL165W",372.32642859973,0.0857466509575501,0.0408235609525512,2.10042066289153,0.035691852933338,0.0537252202031579
"YDL166C",668.804266582218,-0.0601457445673715,0.0829714012096018,-0.724897298232095,0.468515038488638,0.541848512065121
"YDL167C",363.078596553467,-1.19588939921479,0.121549078404809,-9.83873686999079,7.66673218050068e-23,5.94582307437026e-22
"YDL168W",796.951250955421,-0.310843651888296,0.0475373104846612,-6.5389406493368,6.19561037632083e-11,2.27304553486458e-10
"YDL169C",273.320029408561,1.17044884644818,0.102529450574715,11.4157331370391,3.48949087414722e-30,3.88417600699979e-29
"YDL170W",354.776360147439,-0.0179639792981286,0.0879402781819709,-0.204274760888936,0.838138792011987,0.877157576487214
"YDL171C",2690.12353940751,-0.41612690413648,0.082549045607016,-5.04096565958495,4.63188587153359e-07,1.23164835370234e-06
"YDL172C",0.0467822333390505,-0.432166526958024,2.9566127034175,-0.146169475108624,0.883787602049046,0.913809546745136
"YDL173W",732.185974953968,0.459204095416114,0.0914162889493622,5.02321961100914,5.08123859288317e-07,1.34437847232474e-06
"YDL174C",1835.42065052317,0.351518144331793,0.0693401769644145,5.06947284706518,3.98919041404921e-07,1.0673528144008e-06
"YDL175C",339.888631631342,0.0572833569326144,0.0466842099628789,1.22703922757102,0.219807847453628,0.279286697937478
"YDL176W",328.054297391903,0.136137584941995,0.0436382403720553,3.11968548184572,0.00181044237140343,0.00330696576550297
"YDL177C",249.553081209119,0.433212483067552,0.0795139832651791,5.44825532916378,5.08663024302416e-08,1.48203851934618e-07
"YDL178W",771.864992488301,-0.00867955308359487,0.0411985834040971,-0.210676007921469,0.833140097322896,0.872589940542661
"YDL179W",183.500825892867,-0.357792438722457,0.0636643704236181,-5.61997921823043,1.90980430098445e-08,5.71694681743778e-08
"YDL180W",596.30062524959,0.18315298003217,0.0316758541194313,5.7821007554084,7.37734981777168e-09,2.28495224657593e-08
"YDL181W",293.409539148881,0.428483333089321,0.119064901738866,3.59873755264227,0.000319765684016464,0.000642051412828155
"YDL182W",2428.17701756777,-1.04443895209394,0.0676203511595734,-15.4456304083548,8.07343893010234e-54,1.7915221419411e-52
"YDL183C",129.942239820677,0.525177804093906,0.0755878208724926,6.9479156566746,3.70722517569406e-12,1.47923445380507e-11
"YDL184C",6259.26997396663,0.0352315101810422,0.0866567764027763,0.406563821590685,0.684328373462755,0.744267965383445
"YDL185C-A",14.6795874844569,-1.2905213868679,0.203487847084802,-6.34200717809985,2.26790746621873e-10,7.95966094904011e-10
"YDL185W",6671.40263156395,-0.216099137688215,0.0348806737892972,-6.19538312228712,5.81434247532081e-10,1.97710637111873e-09
"YDL186W",129.913430900945,-0.159217246394157,0.0778961620970477,-2.0439677913245,0.0409567291470894,0.0609697770618542
"YDL187C",1.15059846588563,-0.00738070984405086,0.488181022936331,-0.0151187971209062,0.987937404741771,0.992819322705135
"YDL188C",1101.86253041201,-0.0925977642706987,0.0548536599521616,-1.68808725527985,0.0913944805688376,0.126933703176466
"YDL189W",1069.37580869173,-0.00827294398687596,0.0412427937947367,-0.200591260331441,0.841018192422789,0.879590564859718
"YDL190C",1033.28290862924,-0.247052540342981,0.0331384036791829,-7.45517324053168,8.97498224914013e-14,4.04579966525786e-13
"YDL191W",6607.46062788068,-0.211618171395944,0.0541239142145697,-3.90988298734275,9.23408412901464e-05,0.000196477775204119
"YDL192W",5379.93016436132,-0.0848687181357552,0.0448237208015175,-1.89338851434399,0.0583062217232223,0.0841915405613028
"YDL193W",533.492705731428,-0.10141671897797,0.0400764031243517,-2.53058436065951,0.0113872697801151,0.018549142509451
"YDL194W",529.844977936815,0.0960329302513505,0.0451113143785498,2.12879920645836,0.0332708766186577,0.0502569961044678
"YDL195W",3137.38550910111,0.00216367804728362,0.0449701332772691,0.0481136676634509,0.961625653601027,0.971654358272835
"YDL196W",14.761486451292,0.265132396942539,0.139210318418461,1.90454558221439,0.0568391660839895,0.0822804342364823
"YDL197C",590.14655197821,0.427675603329444,0.0381008428279286,11.2248331424299,3.07967222861271e-29,3.31016644697295e-28
"YDL198C",870.840513490884,-0.205476976416294,0.0793422564997036,-2.58975463367445,0.00960443621116633,0.0158590774595807
"YDL199C",247.60333267219,0.551633912240274,0.0520040012407231,10.6075282493514,2.74925867086485e-26,2.58362710339881e-25
"YDL200C",157.464419213182,0.371098055187172,0.0534633545813396,6.94116667562601,3.88874863991413e-12,1.54807302627137e-11
"YDL201W",450.215066167035,-0.75658102762171,0.0724366785291265,-10.4447227976845,1.5490727734333e-25,1.39113206376602e-24
"YDL202W",384.97556067881,-0.221316099145597,0.0356305205869381,-6.21141918500989,5.25081937685562e-10,1.79346506918519e-09
"YDL203C",380.737402438981,-0.135997954333327,0.0398021096419085,-3.41685291450309,0.000633494958285327,0.00122617102364794
"YDL204W",394.940598709061,-0.850620762664573,0.114352263524168,-7.4386001330424,1.01757828417286e-13,4.56913904492502e-13
"YDL205C",671.729571295646,-0.356075904967123,0.0651465897151443,-5.46576430975247,4.60916431235315e-08,1.34691764250966e-07
"YDL206W",371.670931993659,0.0763097559745174,0.0538091226206204,1.4181564808729,0.156145084364315,0.205928304321726
"YDL207W",806.16791569814,0.235161237699493,0.0300893706581311,7.81542559900451,5.47776257084573e-15,2.62955538903334e-14
"YDL208W",1950.02973360242,-0.588793237486606,0.0667358401182006,-8.82274406741194,1.11688416268977e-18,6.78714324659272e-18
"YDL209C",226.86622947423,0.277524687113101,0.0805622629153143,3.44484721593323,0.000571382258588382,0.00111473016359316
"YDL210W",75.5645240388499,0.219665529414261,0.0699029927449553,3.14243383277912,0.00167549577701301,0.00306943687085819
"YDL211C",188.039410443427,0.434159364227651,0.0679962778726191,6.38504603209287,1.71345919197731e-10,6.08826744917971e-10
"YDL212W",1755.05797044962,0.0532152056988669,0.0311835973298675,1.70651272641651,0.0879126588781886,0.122589620472598
"YDL213C",1115.64106319735,-0.190490426977144,0.0689460436776503,-2.76289133960697,0.00572918358922348,0.00976972085033919
"YDL214C",109.612514484964,1.25048231495313,0.11408714700967,10.9607641853568,5.89990494371237e-28,5.97723801293039e-27
"YDL215C",1102.15865402185,-0.0767438874370232,0.059600567132512,-1.28763686537405,0.197872400178231,0.254606615228939
"YDL216C",296.280872838592,0.134474593752793,0.0563693741812038,2.38559671286245,0.0170514382947802,0.0270456177149627
"YDL217C",424.985200896772,0.0879186730684248,0.0403687221345888,2.17789091206071,0.0294141592671853,0.0449054312922839
"YDL218W",65.7964471364542,-0.209224858743899,0.111863671654774,-1.87035572540113,0.0614344359011934,0.0882270322681231
"YDL219W",186.815832420046,0.101111394688834,0.103997948167397,0.972244130490759,0.330929110919897,0.401350732372703
"YDL220C",205.804553377843,-0.0388433245101831,0.0553029548850697,-0.702373401039909,0.482446328789639,0.555811136450163
"YDL221W",54.7920823362036,0.568500542772075,0.0882271125499932,6.44360363091265,1.16669541232418e-10,4.21075432391294e-10
"YDL222C",72.2579089276372,0.299349406546884,0.110094864966529,2.71901334033963,0.00654769672846754,0.0110748969252836
"YDL223C",449.936782204816,0.152735457834776,0.0680142884657534,2.24563781052684,0.0247272165519567,0.038198635225895
"YDL224C",843.069295630665,0.0782959724341615,0.0284132437323076,2.75561541553716,0.00585818324530252,0.00997980251224271
"YDL225W",817.178043712251,0.0237770448160871,0.0463047737789552,0.513490140986141,0.607608505513505,0.67534963797502
"YDL226C",1148.32271533046,-0.0393203910016331,0.0302992528030891,-1.29773467541168,0.1943785238341,0.25076472665671
"YDL227C",93.0903855963081,-2.18360880628248,0.134089504309037,-16.2847108543998,1.26726710224104e-59,3.17001105320585e-58
"YDL228C",25.1007460919991,-0.420342404270198,0.36731664541124,-1.14435980378617,0.25247445102618,0.315432573303504
"YDL229W",10716.8245646241,-0.991537294361329,0.0766138733140577,-12.9420071257433,2.60727563377846e-38,3.8405672558377e-37
"YDL230W",548.048431689318,0.0865775606422052,0.0744881705655414,1.16229946291977,0.245113844710969,0.307128986842761
"YDL231C",775.549723877055,-0.0231927607018397,0.0288525998171391,-0.803836078857014,0.421491650203149,0.494531990746625
"YDL232W",283.939350281772,0.276172189491006,0.113621810781023,2.43062654601815,0.0150727415047878,0.0241297158043833
"YDL233W",445.703997336331,0.307032914881314,0.0509211969583921,6.02956986914883,1.64396632266622e-09,5.37237260504556e-09
"YDL234C",1341.86890219238,-0.502100791013009,0.089965708289642,-5.58102415418673,2.39106432037386e-08,7.10809484003965e-08
"YDL235C",415.649209020189,0.0987746351045624,0.0550470742617714,1.79436666578951,0.0727546638148161,0.103126510652013
"YDL236W",1521.03606395202,-0.0779884339478582,0.0386924401960692,-2.01559874623212,0.0438419509989483,0.0648438574331897
"YDL237W",709.326173369886,0.125738449564006,0.0450816766870414,2.78912540092256,0.00528505967891201,0.00904601282190488
"YDL238C",282.612063979526,-0.394260923951211,0.106052470848569,-3.71760243581851,0.000201122445787573,0.000412621922031826
"YDL239C",162.349822568559,-0.151401918225108,0.0968454455481179,-1.56333545029626,0.117973714185673,0.159689330949084
"YDL240C-A",1.36462970251897,0.695129102958352,0.470263726748936,1.47816866030466,0.139362640053163,0.185645933564235
"YDL240W",414.570399804943,-0.0630420934714074,0.068951502612633,-0.914296151391733,0.360561252318768,0.432711244714027
"YDL241W",223.015065408763,-1.73386153709604,0.0871951199551181,-19.8848460554732,5.50509663514879e-88,1.90299295242153e-86
"YDL242W",27.600355067784,-0.455469146538846,0.107668047281619,-4.23030934467968,2.33370164260859e-05,5.30344684489741e-05
"YDL243C",272.701955315596,0.069520723152492,0.0742559973586321,0.936230414046285,0.349154567049836,0.420710153570822
"YDL244W",64.9324792003436,1.69784905944712,0.108340824056174,15.6713692575091,2.37409181034972e-55,5.37216367216965e-54
"YDL245C",67.0824055749515,-0.145126668460442,0.0879550498337608,-1.65000950752388,0.0989409915101237,0.136560008145694
"YDL246C",120.152053243382,0.366970585332857,0.0768849020376322,4.77298631600309,1.81514128391253e-06,4.59226071792361e-06
"YDL247W",140.762966255806,-0.0824344388462424,0.058281966760684,-1.41440729316381,0.157242349946189,0.207164112899401
"YDL247W-A",15.5482979454614,0.0605488849272865,0.13938229130023,0.434408735589401,0.663991655334245,0.72559151660751
"YDL248W",351.970203692119,-0.0823548608330094,0.067728352258102,-1.21595842933205,0.22400075824645,0.283775546220502
"YDR001C",2131.00948447193,-0.386919757153261,0.0721328342824607,-5.36398938156436,8.14036913569446e-08,2.31874117119843e-07
"YDR002W",4128.19897597097,-0.0534133383854091,0.037841051823569,-1.41151833290588,0.158091833840916,0.208096770951333
"YDR003W",643.356570045833,0.389830298598023,0.0548881728678892,7.10226408039322,1.22729425228288e-12,5.07670304356822e-12
"YDR003W-A",164.570707170578,0.568671448880796,0.068849042010239,8.25968571641455,1.46056520038063e-16,7.82494393568407e-16
"YDR004W",384.692566023595,0.271424387232591,0.0374076927553995,7.25584411226253,3.99164593411946e-13,1.71081198634316e-12
"YDR005C",543.549489092105,-0.339298386792253,0.0576177005584319,-5.88878736054661,3.89039619784003e-09,1.23555103623922e-08
"YDR006C",963.527981583725,0.113042044210899,0.0439775096474047,2.57045124012769,0.0101566123465449,0.0166588784768437
"YDR007W",367.648663324458,0.17250845294446,0.0361678935752297,4.76965717081753,1.84539712431657e-06,4.66231298208165e-06
"YDR008C",16.9883058781625,0.160001488488113,0.15133018782981,1.0573005345639,0.290374449384218,0.357972372278501
"YDR009W",136.810630297227,0.747262866208428,0.0627434126854947,11.9098218318811,1.05201807925017e-32,1.29460328571769e-31
"YDR010C",44.1623813479232,2.36449320226224,0.117826100124795,20.0676522413786,1.41534251707896e-89,5.07090686197197e-88
"YDR011W",1767.56857608306,-1.28410702892741,0.0311013118435552,-41.2878734950695,0,0
"YDR012W",12719.7964197519,-0.230179521681999,0.0586211224050694,-3.92656285376913,8.61683825392139e-05,0.000184141753180259
"YDR013W",238.104306358253,0.342507644043515,0.0495629465823588,6.91055854547247,4.82749153384961e-12,1.91402387673495e-11
"YDR014W",120.175673420308,-0.0467749321745726,0.0565218134792027,-0.827555403751925,0.407922333165787,0.481568170559026
"YDR014W-A",4.86600149056965,0.909217641799248,0.263487766816457,3.45070153648765,0.000559131530831833,0.00109268914789551
"YDR015C",0,NA,NA,NA,NA,NA
"YDR016C",304.802368740523,0.445865501163849,0.0631683967164832,7.05836342760151,1.68474964538389e-12,6.92317372198075e-12
"YDR017C",1006.47021594738,-0.367633144509705,0.0522192823144883,-7.04017995298462,1.91991713638945e-12,7.8427018890873e-12
"YDR018C",118.314934396154,1.31109849058706,0.098842345312415,13.2645425039543,3.71682211661231e-40,5.93225506732624e-39
"YDR019C",522.312779292005,-2.23233880505804,0.192090727715991,-11.6212730911124,3.21312169521917e-31,3.70856780896185e-30
"YDR020C",144.807151142914,-0.580423215933584,0.0687543837516036,-8.44198121287134,3.12003513623881e-17,1.73646615713485e-16
"YDR021W",87.1309219665052,-1.09919092787248,0.137601200937951,-7.98823644255938,1.36882731282176e-15,6.89803036376907e-15
"YDR022C",190.147323252094,0.87073389385662,0.0872496601593317,9.97979696730649,1.86848721115759e-23,1.50155648663003e-22
"YDR023W",3851.86102465064,-0.33195165044318,0.0573810694070313,-5.78503771145303,7.24960645231727e-09,2.24842393081562e-08
"YDR024W",15.2212931047651,-0.64164629933923,0.259386649011789,-2.47370595897582,0.0133719703219708,0.0215827742479674
"YDR025W",12065.4753867136,-0.304290209834728,0.102769093726954,-2.96091167878929,0.00306729885674452,0.00543532942698237
"YDR026C",612.665582897902,0.120776094154311,0.0482025781195961,2.50559407537604,0.0122245873374959,0.0198285631442194
"YDR027C",741.784995357711,0.00287089763172434,0.0334291284286919,0.0858801221171019,0.93156171337448,0.949252782478165
"YDR028C",2446.97109028617,-0.0150187718836549,0.0445588040285909,-0.3370550940734,0.73607536840217,0.789931740910847
"YDR029W",31.6017306299746,-0.545337890908533,0.150699418482545,-3.61871264268811,0.000296072169033682,0.000597442197354854
"YDR030C",101.08251062758,-0.0753788611173381,0.0673790765564839,-1.11872802314452,0.263256186266704,0.327416254805398
"YDR031W",137.342132862855,0.333966342491917,0.0554556572773112,6.02222313986628,1.72037488581666e-09,5.60343695053635e-09
"YDR032C",3135.12236648698,0.516669854986334,0.0736036370253741,7.01962397331286,2.22466146464191e-12,9.02858183791842e-12
"YDR033W",4099.97516868262,-3.74294164032493,0.0471464264558348,-79.3897209543801,0,0
"YDR034C",448.770392959482,-0.228710817030897,0.0516133657113257,-4.43123237322053,9.36960510525216e-06,2.21337615106558e-05
"YDR034C-A",8.15442265131919,0.400497863708555,0.194192636226312,2.06237410177497,0.0391721330124656,0.0584396232905554
"YDR034C-C",0,NA,NA,NA,NA,NA
"YDR034C-D",700.194505702136,-1.37566801275191,0.0361148974735347,-38.0914278867887,0,0
"YDR034W-B",47.748191140354,0.427133166341162,0.187346808361639,2.27990628757688,0.022613247076919,0.0351540173202544
"YDR035W",2677.38320388316,-0.0464999761630783,0.0640150739155954,-0.726391040716269,0.4675990820045,0.541153109877012
"YDR036C",513.159776875045,-0.451544148480992,0.042619278563249,-10.5948332234409,3.14901799172561e-26,2.93524319310033e-25
"YDR037W",6758.58099431228,-0.518867896062786,0.0390489316970471,-13.2876335795384,2.73078682264695e-40,4.39931675714013e-39
"YDR038C",897.055353222334,-0.445049444794616,0.0557143307087639,-7.98806050674875,1.37078172805238e-15,6.89803036376907e-15
"YDR039C",1110.42016430428,-0.583749882086792,0.059618709256277,-9.79138745821358,1.22601815641109e-22,9.42321664575628e-22
"YDR040C",1040.03341657908,-0.548169604082726,0.0645602245674259,-8.49082554708626,2.0517436373923e-17,1.15404288484233e-16
"YDR041W",679.781649680836,0.176807628515103,0.0554583735686599,3.18811420418248,0.00143203964592374,0.00265168256374412
"YDR042C",25.3791495211839,0.489685100121188,0.180256395892856,2.71660319011512,0.00659556312230707,0.0111476360487347
"YDR043C",232.56590750682,-0.305792814965811,0.0978059304221405,-3.1265263123205,0.00176884674981171,0.00323442232641008
"YDR044W",2021.2711369918,-1.66608903668661,0.0815463340355146,-20.4311948095791,8.83143329611406e-93,3.26620589483702e-91
"YDR045C",343.342654415864,0.0244856239114972,0.0615737744191089,0.397663195776063,0.690878470299652,0.750775021527388
"YDR046C",2185.74012282166,-0.445270642486541,0.0420597118470168,-10.5866308382263,3.43741994743773e-26,3.19109471233795e-25
"YDR047W",1349.59467251558,0.0856876074863754,0.036398152903918,2.35417461189773,0.0185638885417646,0.0292556676469183
"YDR048C",1.06604263393145,-0.269502537290888,0.494027123809569,-0.545521742232867,0.585394731080865,0.654785423594353
"YDR049W",413.712712160987,0.209774809756127,0.0543398791994062,3.86042098081108,0.000113191841836811,0.000238191092075688
"YDR050C",48934.9239257994,-0.150029117839703,0.0697877820999313,-2.14979059837253,0.0315717821973678,0.0479748817618055
"YDR051C",617.194039046773,0.311838398461679,0.0341891207919132,9.12098326130219,7.44457956944974e-20,4.87726312935664e-19
"YDR052C",710.226100279958,0.357672766855312,0.063300162100064,5.65042418516887,1.60052386259332e-08,4.8289489696401e-08
"YDR053W",1.37609451848875,-0.528598233217589,0.446892539190768,-1.18283074086395,0.236876234742033,0.298110431538683
"YDR054C",1823.85889324143,0.346469208645465,0.0420181404445276,8.24570542579994,1.64188693603031e-16,8.76224998677463e-16
"YDR055W",1565.45134107484,-2.08399283054994,0.0868227215920296,-24.0028507784218,2.59657138176293e-127,1.24907793952078e-125
"YDR056C",1235.20714383902,0.140527426661476,0.0357928195187329,3.9261345865175,8.63218677661356e-05,0.000184355209054097
"YDR057W",565.676055940049,0.221359943464452,0.0301350680608983,7.34559294895627,2.04848913277569e-13,8.98123438136647e-13
"YDR058C",175.067729511525,0.679792766642392,0.0498012372907135,13.6501180216491,2.01551875855009e-42,3.40657335136759e-41
"YDR059C",402.911810236086,1.02899301693443,0.064600181359902,15.9286397541469,4.00985379372487e-57,9.25630343860179e-56
"YDR060W",1093.9908779019,-0.986478059114813,0.123018516893598,-8.01893962002517,1.06661917886741e-15,5.39505392016833e-15
"YDR061W",568.796978388691,-0.000170791784580391,0.0336048367947838,-0.00508235721016509,0.99594488310705,0.997939522276479
"YDR062W",1916.88922352028,-0.360425519572,0.0516063000511238,-6.98413796794083,2.86610301761489e-12,1.15500425648347e-11
"YDR063W",532.872863877652,0.147618939762657,0.064473339652394,2.28961211810246,0.0220438118877913,0.0343541871264423
"YDR064W",13165.4561186081,-0.37015497220946,0.0539155712891381,-6.86545581098261,6.62792796732398e-12,2.59940230827946e-11
"YDR065W",106.651863691772,-0.260035495260877,0.0770937278330708,-3.37297861408292,0.000743597278945238,0.00142524538363452
"YDR066C",117.664982873476,-0.0866210521105169,0.0540082752191721,-1.60384777627129,0.108747610561089,0.148486465472356
"YDR067C",352.447895436499,-0.133034083795242,0.0669826521166135,-1.9860975878297,0.0470224890756923,0.0691318021696275
"YDR068W",767.558055758187,0.0811327828050896,0.0465296909978878,1.74367766183473,0.0812153126687324,0.113993090358745
"YDR069C",316.087645066363,-0.064778429225232,0.0430561931101376,-1.50450898107803,0.132450362625278,0.177159374533483
"YDR070C",86.8311104157356,-0.432979802990455,0.125450549838598,-3.45139820867679,0.000557690078398216,0.00109018188385943
"YDR071C",1452.34377963937,0.13013257114235,0.038645808011887,3.36731402025087,0.000759042040210707,0.00145201618315057
"YDR072C",1885.19698100736,-0.702255171940202,0.0449146039113519,-15.6353415322608,4.18226489386192e-55,9.43272137864792e-54
"YDR073W",832.718034979793,-0.397931619525274,0.0545015760002955,-7.30128647147959,2.85029144379129e-13,1.23860738103855e-12
"YDR074W",5543.93379762519,-0.783126909809874,0.0630282748388184,-12.4250094392169,1.91203857670605e-35,2.59426299194496e-34
"YDR075W",198.664969289163,0.0724704257571959,0.0913472811142902,0.793350659955864,0.427573548815736,0.500813628861476
"YDR076W",171.902246861816,0.803031600396026,0.0535723425783089,14.9896674617542,8.57816350150797e-51,1.78815717354162e-49
"YDR077W",24688.9438482278,-3.38916991055642,0.099066748015196,-34.2109736966085,1.66068930438314e-256,1.60899742603544e-254
"YDR078C",165.927316615459,1.07693181867699,0.0630368352270288,17.0841669763146,1.94703868123066e-65,5.25242317183752e-64
"YDR079C-A",134.23700503,0.438524581826254,0.0670646955148534,6.53882908823659,6.20023296179077e-11,2.27352892026432e-10
"YDR079W",155.343713711895,0.402486347450319,0.117493845524219,3.42559515057625,0.000613454020418184,0.00119005927988062
"YDR080W",277.508996170454,-0.13246788166654,0.0706013896766065,-1.87627867203912,0.0606170241080082,0.0871805370769367
"YDR081C",531.520881665287,-0.125776049299299,0.0643042678403518,-1.95595181351825,0.0504708307824294,0.0737287842328163
"YDR082W",174.342435883956,0.00519939613697009,0.0463037293828414,0.112288928046837,0.910594320420538,0.934085644225004
"YDR083W",307.56864990287,-1.04611009802447,0.168673630044348,-6.20197773504623,5.57579677012158e-10,1.90257470147155e-09
"YDR084C",614.442053087974,0.358539312179332,0.0525905500958952,6.81756154909124,9.25987369157901e-12,3.58461852134902e-11
"YDR085C",712.930708403073,-0.788624045330736,0.0832532733876934,-9.47258904353557,2.72991878078527e-21,1.94199703133628e-20
"YDR086C",1644.96011708203,0.286135053694929,0.0410376818642169,6.972495538166,3.1136753864369e-12,1.24964836542004e-11
"YDR087C",569.845466334495,-0.532332617991393,0.0841728409651427,-6.3242800395895,2.54415969702212e-10,8.8703875092829e-10
"YDR088C",521.327107300964,0.534785674581605,0.0499455459807761,10.707374683369,9.39894317097004e-27,9.04270350672768e-26
"YDR089W",406.322681562356,-1.60197964440357,0.0778223967382842,-20.5850720556835,3.73481885868546e-94,1.39629450700529e-92
"YDR090C",480.603378566189,0.169221730100302,0.0300264381500946,5.63575770307504,1.74290291478753e-08,5.24471966352729e-08
"YDR091C",780.141499269747,-1.07794497215032,0.0849408947978945,-12.6905299822323,6.67326815752487e-37,9.42616255762086e-36
"YDR092W",997.575711373144,0.681917156144611,0.0525966898597524,12.9650203836577,1.93179045976097e-38,2.86396262342581e-37
"YDR093W",1804.95602278568,-0.0813703598226629,0.0560758408316124,-1.45107694536416,0.146758435435029,0.194668584141451
"YDR094W",0,NA,NA,NA,NA,NA
"YDR095C",3.35627943064662,0.476198495929771,0.28409672155659,1.67618441114223,0.0937020766881974,0.129928761446908
"YDR096W",1662.1748730518,0.0525867663502171,0.054114405667004,0.971770191357412,0.331164888425905,0.40156588533083
"YDR097C",419.836206370429,0.131901097349334,0.047060977589215,2.80277002532056,0.00506657833480025,0.00870237012861197
"YDR098C",1020.68218233531,0.327765778579119,0.038522107654807,8.50851104815442,1.76181114971141e-17,9.96669317340853e-17
"YDR098C-A",0,NA,NA,NA,NA,NA
"YDR098C-B",1363.31922893151,-2.14742696953917,0.0438234043098272,-49.0018291221072,0,0
"YDR099W",2989.97484343188,0.0523189699324169,0.0374561476471404,1.39680595092942,0.162471932288671,0.213372360101903
"YDR100W",521.125203565224,0.599026219571255,0.0587181520135245,10.2017212570532,1.94789291359647e-24,1.6645410375938e-23
"YDR101C",408.611446950915,-1.32963543473091,0.134896598855493,-9.85670095474593,6.41216420600725e-23,4.98973728202758e-22
"YDR102C",8.44116244230064,0.36713208111383,0.215740672768492,1.70172863745444,0.0888062494572582,0.123613555244128
"YDR103W",511.28205522599,-0.0660004228793839,0.0343622733611119,-1.92072341040384,0.0547665866174518,0.0795480045062186
"YDR104C",300.68342180948,0.483095751096577,0.0434759076551396,11.1118036897262,1.09916575586235e-28,1.14911264963178e-27
"YDR105C",640.193455258984,0.0239509838479383,0.0369215533583674,0.648699246628808,0.516532791442514,0.588867927135077
"YDR106W",33.9123084703739,-0.143094737235352,0.108169833593706,-1.32287101201272,0.185878276841309,0.240846989337232
"YDR107C",382.228424428688,0.172578821923854,0.0350448056465886,4.924519304351,8.45679805418965e-07,2.194429038656e-06
"YDR108W",321.317626106597,-0.0471985462734027,0.0405193561983815,-1.16483949158324,0.244083970011244,0.306005764481019
"YDR109C",291.004043140684,0.0438249006690223,0.0339417772511999,1.29117872481097,0.196641710634987,0.253266865279549
"YDR110W",260.101381059856,-0.221147904402074,0.0638391807582765,-3.46414070129499,0.000531928207408631,0.00104219143798461
"YDR111C",792.073213624759,0.943811784936907,0.0622889884972647,15.1521449891316,7.3333562839759e-52,1.57644243367094e-50
"YDR112W",21.2656322482248,0.349073436211838,0.138122520102755,2.52727387215458,0.0114951823018835,0.0187160613147116
"YDR113C",366.202525600773,0.377835675220079,0.0401625456148286,9.40766252327831,5.07292600684225e-21,3.56088346949672e-20
"YDR114C",3.50927912817984,0.625272970442225,0.291182472860136,2.14735785536983,0.0317648031300171,0.0482255750896904
"YDR115W",316.99157575764,0.0183615392640062,0.0762288121059924,0.240874004942848,0.809652770073241,0.852925176927079
"YDR116C",519.775540649538,-0.28748826399462,0.0433403455995205,-6.63327114765325,3.28327867447857e-11,1.2294868808785e-10
"YDR117C",569.167961045649,0.187832866849802,0.035839813363913,5.24089969282402,1.597955651692e-07,4.43776218328191e-07
"YDR118W",167.17188064872,0.0647646469544099,0.048046500670484,1.3479576254384,0.177672012062864,0.231259370100367
"YDR118W-A",4.51680307147713,0.434008391126923,0.26294677807485,1.65055603382741,0.098829262711438,0.136460557645922
"YDR119W",723.615504242463,-0.382340970665398,0.0576458954380751,-6.63257926275288,3.29871095530078e-11,1.23436977766275e-10
"YDR119W-A",103.72102373035,-2.26759940941942,0.129750562830212,-17.4766055726998,2.15979424140443e-68,6.06417330066166e-67
"YDR120C",571.898796135128,-0.807156090233294,0.0977314950471583,-8.25891479347387,1.47002815433294e-16,7.86951258650295e-16
"YDR121W",422.609422483009,-0.186075965948349,0.0602471129387163,-3.08854577210407,0.00201138706650929,0.00365750241356526
"YDR122W",1808.30831689995,0.103993776916434,0.0434642382012927,2.39262854291419,0.0167281672744383,0.0265573650313549
"YDR123C",220.348650571181,0.58164740493286,0.0956697740188681,6.07974055440067,1.20377163017936e-09,3.96967643528465e-09
"YDR124W",147.604754408242,0.0739518590987117,0.0667245372686709,1.10831580293977,0.26772545294813,0.332373829783466
"YDR125C",104.095365947767,-0.174828941870222,0.0700853949496484,-2.49451318631827,0.0126130039962678,0.0204200646011594
"YDR126W",205.405959787615,0.0245975681142906,0.0749324955897158,0.328263030888118,0.742712793891317,0.796061282202925
"YDR127W",2337.27713402367,-0.327303225508764,0.0453033640841975,-7.22470024302085,5.02208354940328e-13,2.12858365596704e-12
"YDR128W",843.8304704349,0.315374459281288,0.0432605121910537,7.29012310091204,3.09671942908076e-13,1.34230201339928e-12
"YDR129C",4018.28159023609,-0.0473842013256801,0.0544903084586826,-0.869589522724198,0.384524765519354,0.457242154193195
"YDR130C",210.925273096673,-0.145418851467154,0.0411714452968449,-3.53203173749885,0.000412379859322883,0.000817981848985614
"YDR131C",152.38853670893,-0.0264480793857057,0.0567866665899431,-0.46574453078374,0.641398373582692,0.705814350824409
"YDR132C",254.193956741647,0.58422488230531,0.0657596103893468,8.88425096873682,6.43528674783723e-19,3.96669691204053e-18
"YDR133C",454.364405052186,-1.33578308417743,0.234071980805019,-5.70671927320566,1.15174504815253e-08,3.51034744627436e-08
"YDR134C",2369.97397216975,-1.3136772201388,0.0881702979875825,-14.8993170049603,3.3296568167328e-50,6.7765411959482e-49
"YDR135C",2191.55441505979,-0.000682859382947741,0.0479762176495376,-0.014233289250436,0.988643861692359,0.993119323098969
"YDR136C",9.73632042630339,-0.066208864272434,0.186804555590475,-0.354428531269769,0.723017755659531,0.778225495412598
"YDR137W",476.645468763541,0.0516594754666819,0.0397628300308334,1.2991901086171,0.193878695210361,0.250286629355902
"YDR138W",326.56283272956,-0.25942123786568,0.0794710709110641,-3.26434808153016,0.00109716283550912,0.00205987531262753
"YDR139C",450.180469781104,0.274309346813291,0.055141268119755,4.97466518574708,6.53605092067933e-07,1.71543282271473e-06
"YDR140W",249.099800557629,0.0457893565308731,0.0459914515115742,0.995605814253324,0.319441708646326,0.389202889439971
"YDR141C",814.044385677978,-0.0519121385570919,0.0434895649304171,-1.19366884079321,0.232607533687989,0.293436131347822
"YDR142C",332.827229079118,0.216890197153973,0.0388081233188809,5.58878344546107,2.28665897234605e-08,6.81244134723623e-08
"YDR143C",786.306698114234,-0.545091840351089,0.063366847546564,-8.60216124765459,7.82287789298252e-18,4.50699975090676e-17
"YDR144C",761.249736776862,-0.229305321400003,0.0569864201716064,-4.02385903008968,5.72521949462941e-05,0.000124790192977046
"YDR145W",1262.9275121074,0.0745587738741768,0.037630521649173,1.98133777068741,0.0475534073145509,0.0698526348316881
"YDR146C",444.016377811885,-0.26405011508326,0.0547584062844485,-4.82209277077245,1.42059843729551e-06,3.61267898342174e-06
"YDR147W",317.628691754145,0.305944663037734,0.054119972015913,5.65308243226321,1.57595677391095e-08,4.7569138427966e-08
"YDR148C",1234.9307250846,-0.0246717899218771,0.0446562497944678,-0.552482352088006,0.580617922290161,0.65103026690041
"YDR149C",0.181368669849176,-0.864969552863734,1.16566918071743,-0.742036906501529,0.458064974987593,0.531460442391576
"YDR150W",1502.92066155129,0.1042989163529,0.0307178662017692,3.39538285855588,0.000685326932723957,0.00131981074193956
"YDR151C",668.023728397779,-0.0449003313584237,0.0494982863931794,-0.907108803762765,0.364349262962686,0.436647836223052
"YDR152W",1134.43315471656,-0.300100590103329,0.0506572180327471,-5.92414273340733,3.13930704124098e-09,1.00303265846246e-08
"YDR153C",901.828482510727,0.192784091094619,0.0343589713075019,5.61088076151241,2.01299436059598e-08,6.01798705195121e-08
"YDR154C",543.740048237855,-0.0995714094946492,0.116061797492189,-0.857917175557707,0.39093819941129,0.464226458441267
"YDR155C",7777.12866605543,-0.391431108515716,0.0649709972695935,-6.02470525258362,1.69418081240825e-09,5.52596956308979e-09
"YDR156W",351.366933585229,-0.0930267903181751,0.0657741095579806,-1.41433750974874,0.157262828544944,0.207164112899401
"YDR157W",36.9603444844228,-0.301991590211068,0.12615070678645,-2.39389534869815,0.016670504519314,0.0264780421584763
"YDR158W",4881.18190749718,0.2901498236147,0.0615744810324002,4.71217651776919,2.45084938234924e-06,6.11734140100885e-06
"YDR159W",556.201240503067,-0.112303099838536,0.0552604464821893,-2.03225104007676,0.0421282481981481,0.0625356846469252
"YDR160W",539.374968266887,-0.0247765579763276,0.0281533862261993,-0.880056053551055,0.378828944527412,0.451875205376117
"YDR161W",632.786493672587,-0.731037660001144,0.0958331057146767,-7.62823717909819,2.3798542510633e-14,1.10391216406369e-13
"YDR162C",473.981957690184,0.184096682788062,0.0445361710380922,4.13364414804772,3.5705617614259e-05,7.94112329675034e-05
"YDR163W",323.697165235968,0.243700857143887,0.0533031092904488,4.57198201733337,4.83132409956662e-06,1.17520079494055e-05
"YDR164C",524.965338682389,-0.0577539047387583,0.0586529870411036,-0.984671159173611,0.32478562374553,0.394804789847235
"YDR165W",461.708947101609,-0.928309047628639,0.101996670543547,-9.10136617873526,8.92025863324263e-20,5.81634683773233e-19
"YDR166C",395.915632388086,-0.28201788983333,0.0630865596154048,-4.47033237432185,7.80981331906785e-06,1.86023912125581e-05
"YDR167W",656.419914940343,0.063841228039229,0.0497462433681423,1.28333766967644,0.199373800695222,0.25630580732245
"YDR168W",876.395113160186,-0.0468087202765224,0.0668532703281088,-0.700170987100408,0.483820528047564,0.557207669921178
"YDR169C",843.243655465913,-0.0189920530374396,0.0423216700863785,-0.448754810447622,0.653608540752922,0.716635822734993
"YDR169C-A",5.64046491012407,-0.42659044657723,0.213819175391432,-1.99509911024717,0.0460320713938947,0.0677480999397949
"YDR170C",2149.63468983773,-0.149481524368736,0.0371865726109688,-4.019771489364,5.82546168730171e-05,0.000126894714841509
"YDR170W-A",340.636160952306,0.0842856747661733,0.0589165863008299,1.43059331943993,0.152546803224117,0.201491831677939
"YDR171W",3690.67133944727,-0.517086145303503,0.0953938196502,-5.42054136420586,5.94188214849426e-08,1.71740366804588e-07
"YDR172W",2857.87689597011,-0.353370548960677,0.04948085039626,-7.14156175835221,9.22763984997875e-13,3.84708694109114e-12
"YDR173C",225.87632359159,-0.0491751516714757,0.0571173219582389,-0.860949883249601,0.3892656460801,0.462559747691312
"YDR174W",2415.34571520108,0.00781542295704986,0.0233059235942482,0.335340623830873,0.737368152586372,0.791072289713296
"YDR175C",540.947657231951,-0.108593234796797,0.0367225063182282,-2.95713026381573,0.0031051690469359,0.00549394492640743
"YDR176W",940.19983756588,0.249536246884843,0.0395735888157299,6.30562590738942,2.87031555683248e-10,9.97217207851041e-10
"YDR177W",1202.89289788631,0.082999299597899,0.03478191302285,2.38627759040661,0.0170198987179499,0.0270018180998103
"YDR178W",1102.90574578941,0.299923241584452,0.0756202067906754,3.96617854292134,7.30341622101482e-05,0.000157542176808908
"YDR179C",42.4310979534267,-0.072328379930535,0.0929706348924639,-0.777970162451778,0.436586603483431,0.509636227534681
"YDR179W-A",91.9645470571409,-0.32482456350438,0.0754750907380267,-4.30373200387189,1.67944801628809e-05,3.87551925664064e-05
"YDR180W",247.257343228419,-0.228697376841678,0.0994495408294192,-2.29963230533111,0.0214690602554259,0.0335040075991549
"YDR181C",395.983215679306,0.387593536416814,0.0454312847402706,8.53142363533576,1.4455762311181e-17,8.21149371912588e-17
"YDR182W",979.128515732425,0.143740248091848,0.0337213532920468,4.26258836194896,2.02072552965424e-05,4.61659612038908e-05
"YDR182W-A",22.4297781353197,0.666688732508401,0.120624947111722,5.52695564617259,3.25835293474424e-08,9.62809700949554e-08
"YDR183C-A",16.6024978035744,-1.21158652346022,0.318496676971065,-3.80407900949714,0.000142332749333064,0.000296789021722385
"YDR183W",173.968079566277,0.123039013422778,0.0493463653697887,2.49337539858824,0.0126534986893408,0.0204808041138765
"YDR184C",161.701072874762,-1.47383626394394,0.154454537907288,-9.54220111570054,1.39832372348787e-21,1.01360051568736e-20
"YDR185C",231.411056996808,-0.174789695165754,0.0545898935376027,-3.2018691343546,0.00136539011905783,0.00253577716765626
"YDR186C",1365.60565528702,-0.454332166355599,0.0510029910180482,-8.90795142180636,5.19841650026432e-19,3.23326465690038e-18
"YDR187C",11.6979735426788,-0.814707418338278,0.180597583618841,-4.51117563155084,6.44693117518015e-06,1.54685872180203e-05
"YDR188W",3516.76517847545,-0.0952369459104231,0.0607788151827658,-1.56694311371552,0.117127988941009,0.158731961372184
"YDR189W",937.671693377372,-0.0825769738357456,0.0305201443682582,-2.70565475835783,0.00681698763084913,0.0115020990710354
"YDR190C",2016.55637282896,-0.410352011496048,0.0513843527438364,-7.98593325757655,1.39463131647876e-15,7.00779315270812e-15
"YDR191W",141.393981998983,0.786653437697145,0.0587002712115023,13.4011891506048,5.95020677879277e-41,9.69940105007475e-40
"YDR192C",249.405533288798,0.0383053024752732,0.0530382919552658,0.722219759783763,0.470159376560977,0.543384803656412
"YDR193W",1.66759421545939,-0.341709893229467,0.398736280897977,-0.85698219499845,0.391454724774435,0.464759587801749
"YDR194C",881.548758079608,-0.721424977335322,0.0811094043625209,-8.89446770082162,5.86999791724648e-19,3.63126939503045e-18
"YDR194W-A",0.311727172964062,-0.0047703866068909,0.996211534414073,-0.00478852777959113,0.99617932221705,0.997939522276479
"YDR195W",285.436941035106,0.00291212685276342,0.0765687367270203,0.0380328444381369,0.969661494889723,0.977763327960481
"YDR196C",679.17228912589,0.0572434277512415,0.0440620899645618,1.29915371234731,0.19389118299718,0.250286629355902
"YDR197W",239.166148040637,-0.0933511043431966,0.0513392802836169,-1.81831735520037,0.0690156417012443,0.0981514573625924
"YDR198C",197.777551573952,-0.062461461424972,0.0528864107643969,-1.18104935695544,0.237583116479481,0.298781400047961
"YDR199W",20.9851416343157,0.927670179281197,0.143883416552919,6.44737386354744,1.13804815518559e-10,4.10951877140246e-10
"YDR200C",414.259493698834,0.29744970734075,0.0509257926515572,5.84084590250663,5.19364285420717e-09,1.63211828205076e-08
"YDR201W",291.495862339207,0.375579525810656,0.0556260630107104,6.75186244509775,1.45959227523458e-11,5.57497793522413e-11
"YDR202C",300.77755342834,0.0822111618455553,0.0460198297294345,1.78642907479018,0.0740298114943479,0.104805736420996
"YDR203W",0.978246718236086,-0.16794399692699,0.561893658521094,-0.298889290491406,0.765024518762373,0.814266387833261
"YDR204W",662.133550651266,0.185556696800006,0.0700007999941294,2.65077965988343,0.00803062126615055,0.0134149207600412
"YDR205W",419.502725611553,-0.0124323858182282,0.0401887719313686,-0.309349731797212,0.757055504382421,0.807533697417689
"YDR206W",924.261755649942,-0.0816572947113998,0.0398681288093504,-2.04818478193159,0.0405418970100396,0.0603914485777527
"YDR207C",658.032832333729,-0.011341901366095,0.0411803401451741,-0.275420293424266,0.782993354856407,0.829285802626208
"YDR208W",744.611034560538,0.162516713381062,0.0383230213808945,4.24070721788349,2.22816623586764e-05,5.07199058124867e-05
"YDR209C",252.723765846066,-0.324454861244671,0.0635691529627874,-5.10396703625424,3.3260623481782e-07,8.9866389996535e-07
"YDR210C-C",0,NA,NA,NA,NA,NA
"YDR210C-D",1401.5778716936,-2.10913723294812,0.0491521087372996,-42.9104119259806,0,0
"YDR210W",0,NA,NA,NA,NA,NA
"YDR210W-A",0,NA,NA,NA,NA,NA
"YDR210W-B",632.338945268552,-1.25623252221773,0.039225681793027,-32.0257664059531,4.77543094977024e-225,4.21156275685506e-223
"YDR211W",1201.99410965806,-0.131487034246452,0.0514743732113524,-2.55441739341963,0.0106365665264967,0.0174004616256292
"YDR212W",2070.93899262271,-0.123155236382935,0.0398543317482724,-3.09013427099485,0.00200066028652743,0.0036389587813385
"YDR213W",555.805947417802,-0.844419313537839,0.0682078498026035,-12.3800899160672,3.34967317018234e-35,4.48295753651445e-34
"YDR214W",1122.43546450405,-0.279473861963179,0.0635368327438014,-4.39861179561935,1.08945502146012e-05,2.55518618909791e-05
"YDR215C",23.3315375109772,0.191691186835453,0.112326323509181,1.7065562269541,0.0879045670718731,0.122589620472598
"YDR216W",735.073516671909,0.808539840520757,0.0896767399314252,9.01616005598595,1.94797723524558e-19,1.23503552085294e-18
"YDR217C",549.994404194773,0.191641517452601,0.0555784191672886,3.44812825416586,0.000564485925330086,0.00110252659862171
"YDR218C",17.9208316901382,0.863606498204384,0.154323254735128,5.59608789800753,2.19242578517553e-08,6.5401981683532e-08
"YDR219C",398.129415577382,0.134052701076524,0.0706077920578766,1.89855392966604,0.0576231506709793,0.083310141543856
"YDR220C",7.6088368012602,0.161099036510648,0.208080060554315,0.774216597599443,0.438802714714938,0.512048155135549
"YDR221W",516.10872802201,0.0877909888489252,0.0359421459593485,2.44256391780889,0.0145833469409485,0.0233765201909114
"YDR222W",143.166363602052,0.494689389495718,0.0676059674599352,7.31724443983265,2.53114547068676e-13,1.10270739030109e-12
"YDR223W",173.73942612105,-0.0925477276486893,0.060300733293653,-1.53476952258606,0.124840451640855,0.16795960626588
"YDR224C",6939.59324015563,-0.282864318037225,0.0496346890953968,-5.69892394195449,1.20565995776617e-08,3.66817109662692e-08
"YDR225W",7292.27555901011,-0.564465891872563,0.0479252177497943,-11.7780558623541,5.06477863096049e-32,6.01737689160228e-31
"YDR226W",5402.83527018528,0.0146666058173868,0.0478272676919182,0.30665782356338,0.759103835829062,0.809216687845671
"YDR227W",388.18388687728,0.0739353903644826,0.0638274938937308,1.15836273452285,0.246716040031195,0.309023969296175
"YDR228C",510.815078811319,-0.111636994880246,0.0583934377681676,-1.9118072020946,0.0559009276737676,0.0810074745034437
"YDR229W",781.799324353718,0.115226361129205,0.0285415758688512,4.03714082427234,5.41065926391514e-05,0.000118271131479098
"YDR230W",24.0351654393456,0.377319331276369,0.120210675152047,3.13881717076392,0.00169631248621123,0.00310674483297313
"YDR231C",219.425643288819,0.226381264029743,0.0861906795086475,2.62651675703555,0.00862637449566563,0.0143369968967586
"YDR232W",1639.07044491791,-0.39221500613433,0.0585253526698972,-6.70162567574014,2.06113477000545e-11,7.8118711200372e-11
"YDR233C",3650.23399624649,-0.14102977023895,0.0409922573483292,-3.44040019656781,0.00058085461725002,0.00113160546928997
"YDR234W",772.204371591871,-0.716696107030251,0.0593287273722498,-12.0800856309194,1.34579504443987e-33,1.73041572162652e-32
"YDR235W",283.444532940804,-0.153727189050831,0.0865063540384125,-1.77706239916862,0.0755579737982573,0.106683764728697
"YDR236C",483.662008613818,0.295534455467138,0.0499682788598957,5.91444136580682,3.33003834328316e-09,1.06199971086902e-08
"YDR237W",401.217039310488,-0.308122593029537,0.0336966158460806,-9.14402189338476,6.0171894103272e-20,3.96887687437061e-19
"YDR238C",2721.98462859876,-0.0790503103918874,0.0524666394192016,-1.50667760060418,0.131893315747307,0.176504861492127
"YDR239C",318.810556463363,-0.0994130194861242,0.0459371089686983,-2.16411136264288,0.0304558036708365,0.0463712867312271
"YDR240C",152.650735167477,-0.104142522193417,0.0569260212551859,-1.82943616815535,0.0673342935457069,0.0959785754871359
"YDR241W",40.53666443289,-0.100702617998344,0.112227821258371,-0.897305292655608,0.369556033063441,0.442271390299828
"YDR242W",252.940705012645,0.0694284566376962,0.0399353803577478,1.73851997942037,0.0821192327587362,0.115181122521424
"YDR243C",206.027583072923,-0.224423285626458,0.041269831132826,-5.43795017973678,5.38970393257886e-08,1.56437862245612e-07
"YDR244W",604.421123441283,-0.00498635531733527,0.0337505482320601,-0.14774146135495,0.882546809241043,0.913029105510065
"YDR245W",1352.85445522926,-0.13654669376118,0.0355044157657383,-3.84590735592239,0.000120107141200131,0.000251972255052058
"YDR246W",659.64650471676,0.154809380817865,0.0737476717091112,2.09917651947701,0.0358013430577414,0.0538782408431859
"YDR246W-A",65.131637023825,-0.059342536251133,0.109337804651007,-0.542744903654754,0.587305452664339,0.656495646551509
"YDR247W",532.477853622984,-0.816576716010485,0.0830008954220878,-9.83816755057779,7.71023311797883e-23,5.97282585794779e-22
"YDR248C",258.674860034386,-0.131258886400434,0.0630465618975104,-2.08193567499859,0.0373483456384671,0.0559371368706761
"YDR249C",123.440680267308,-0.270717248236733,0.0885240818605438,-3.05811980815804,0.00222730507595464,0.00402988732706258
"YDR250C",12.0852136371887,-0.0916484925687215,0.154923341892515,-0.591573170634977,0.554136444135026,0.625415028581599
"YDR251W",2216.84136895378,0.0770355026836018,0.0350739354226142,2.19637465130111,0.0280651384763175,0.0429786481697659
"YDR252W",77.0010058362096,0.0238442736140696,0.0736492130153706,0.323754628703138,0.746123808614949,0.798473192200098
"YDR253C",205.964876250083,0.527922711091125,0.0551309002103671,9.57580429626019,1.01067556206814e-21,7.3726799485331e-21
"YDR254W",273.027467237412,0.139593037690986,0.0588641209802327,2.37144520917696,0.0177186735521009,0.0280328324206307
"YDR255C",349.246487374489,-0.0259259102515185,0.0538908538941041,-0.481081823317609,0.630458346114234,0.696247064202892
"YDR256C",274.525584447073,-0.182559954479041,0.0460466894454101,-3.96467056975881,7.34973771212068e-05,0.000158491679378302
"YDR257C",408.461084497635,-0.207451027402128,0.0538191226660902,-3.85459697455894,0.000115920429596536,0.000243634780077779
"YDR258C",1146.85124060581,-0.27246404686061,0.0899594937700164,-3.02874144175568,0.00245574759309015,0.00441996014988674
"YDR259C",190.690979194834,0.998568190706619,0.0798822344386512,12.5005039947087,7.41795029355515e-36,1.01967474770579e-34
"YDR260C",459.523603315618,0.851034628576535,0.0465976158006485,18.263480093432,1.61651671838012e-74,4.92036217068003e-73
"YDR261C",945.52068492664,-0.233978428011173,0.0453110867310646,-5.16382291600968,2.41956610667956e-07,6.63115348519867e-07
"YDR261C-C",0,NA,NA,NA,NA,NA
"YDR261C-D",1573.55511001675,-2.60891044421674,0.0490567357116325,-53.1814929463011,0,0
"YDR261W-A",0,NA,NA,NA,NA,NA
"YDR261W-B",570.078810457666,-1.28426645328633,0.0418225801181178,-30.7074898215086,4.52127046418023e-207,3.65903759095245e-205
"YDR262W",783.896055628546,-0.0799267164150435,0.0365768974512448,-2.18516938243824,0.0288764295447227,0.0441326280466891
"YDR263C",103.751630428302,0.371035475856093,0.0881778975850751,4.20780587899721,2.57862230551784e-05,5.82539994734228e-05
"YDR264C",1642.57059631626,-0.00592437352302671,0.0311774116750604,-0.190021339320023,0.849292408818297,0.886134154445786
"YDR265W",361.452196021326,0.0576773551403658,0.0368237627827935,1.5663080245378,0.117276523293481,0.158901950706294
"YDR266C",534.286036934071,-0.482037691694136,0.0548329848073443,-8.7910168193064,1.48212375695274e-18,8.97493778527982e-18
"YDR267C",706.491035075723,-0.0306849953110836,0.0515389757259794,-0.595374566119212,0.551593122713425,0.622971810986151
"YDR268W",187.108153557458,-0.236304217374371,0.0585124122565464,-4.03853145445961,5.37868817516563e-05,0.00011764704596809
"YDR269C",0.280266641165464,-1.29921184093964,0.876844334498818,-1.48169040937265,0.138422690141976,0.184536760753227
"YDR270W",322.408237595663,-0.109415535830368,0.0756372907525846,-1.44658190082819,0.148014058354771,0.196069460316286
"YDR271C",0.321809032647776,0.776233291987345,0.799037953928636,0.971459851401092,0.331319336677971,0.401581284222089
"YDR272W",713.528032284756,0.268313991663807,0.0532910673433184,5.03487742017327,4.78154708705287e-07,1.27049868823142e-06
"YDR273W",177.174032491024,0.615090510529995,0.0764479872192361,8.04586926227436,8.56353752393929e-16,4.37007230171946e-15
"YDR274C",221.971501501288,-1.11874189407893,0.0986980114254582,-11.3349993370825,8.80327647785727e-30,9.70476584794553e-29
"YDR275W",411.6572955115,-0.191226884509052,0.0644795297896908,-2.96569911618099,0.00301995783462963,0.00536110708243025
"YDR276C",3992.49667681367,0.094067912563683,0.0702742992831233,1.33858200684007,0.180706786943837,0.234765247853948
"YDR277C",1163.67459349512,-1.92992428789838,0.0777420029124541,-24.8247307195273,4.848634608318e-136,2.52679980838027e-134
"YDR278C",0.40489588463101,-0.580605035397016,0.767617348035771,-0.756372998711801,0.449425592158887,0.52288069971834
"YDR279W",267.067835097212,0.019213063404862,0.0660451973863915,0.290907805036264,0.771121831800093,0.819741474417066
"YDR280W",777.930107874925,-0.36429326198081,0.0421449480518166,-8.64381803325316,5.43651125478993e-18,3.17468259097623e-17
"YDR281C",81.2137898360732,-3.92548383569021,0.124424117690213,-31.5492197860205,1.8378076194927e-218,1.58028482681129e-216
"YDR282C",157.857564280078,-0.0964231869820403,0.0674141907070464,-1.4303099387643,0.152628083538894,0.201560488896919
"YDR283C",636.738243209987,-0.0727029176339824,0.0560343628020347,-1.29747023073746,0.194469441528895,0.250797766831134
"YDR284C",947.53505977723,0.198181330737361,0.0401666373219987,4.93397864373426,8.0571253469374e-07,2.09704749381697e-06
"YDR285W",183.588069250475,-0.138220101057629,0.0871718424415851,-1.58560490619723,0.112828962603327,0.15351076616857
"YDR286C",160.085968248991,0.403667449293489,0.0711069758288868,5.67690363129606,1.37154687807741e-08,4.15084512727432e-08
"YDR287W",500.296579158951,0.374845549811573,0.0678896499898493,5.52139464362563,3.36319450063547e-08,9.9336260068147e-08
"YDR288W",258.413324754061,0.0703820047393836,0.0482751326671829,1.4579349833093,0.144858464819744,0.192445225858444
"YDR289C",498.484231029113,-0.0435506850119433,0.0389335701058551,-1.11858955892138,0.263315279822394,0.327430551319279
"YDR290W",1.50924883807064,-0.571265444482715,0.444941659257545,-1.28391089617448,0.1991731342748,0.256143576495859
"YDR291W",441.649116977442,-0.181458690638819,0.0472835551591818,-3.83767020114989,0.000124207142559914,0.00026009769670309
"YDR292C",1329.40274326663,-0.111056595085939,0.0216740744224861,-5.12393714818665,2.99220761659087e-07,8.12930339436358e-07
"YDR293C",4304.60742948155,-0.24389330620738,0.0388164970650116,-6.2832384333624,3.31591897985491e-10,1.14797215210981e-09
"YDR294C",1676.19724920528,-0.0638373185030899,0.0330714473231271,-1.93028499416317,0.0535715353055091,0.0779273823993651
"YDR295C",354.365961189381,-0.254277202983351,0.0607550862628038,-4.18528256026898,2.84811591022895e-05,6.40267625701468e-05
"YDR296W",881.66084589043,-0.0647044935386592,0.0622309646885603,-1.03974755754595,0.298457199309735,0.366950326014597
"YDR297W",2087.50590110773,-0.389342135249344,0.0403706835032614,-9.64417992125128,5.20253561729413e-22,3.85234042102974e-21
"YDR298C",1109.6752668012,0.32090081934762,0.0360991122711021,8.88943797115218,6.14187806138133e-19,3.79263726968062e-18
"YDR299W",203.355968574817,-1.51644668168103,0.179933216113791,-8.42783069426172,3.52132036264691e-17,1.95348086892323e-16
"YDR300C",898.710899520928,-0.446783171777199,0.0460251632114415,-9.70736746167872,2.80487750602864e-22,2.11333541774053e-21
"YDR301W",645.87291919979,-0.195771723459738,0.0391040121647166,-5.00643572416803,5.54471652003313e-07,1.46250402382316e-06
"YDR302W",378.224264806261,-0.031431666246118,0.0476240151758599,-0.659996141233602,0.509256305622755,0.582116006377356
"YDR303C",510.158082338752,-0.244796908926231,0.0827256516282387,-2.95914150094973,0.00308497412253356,0.00546242908337409
"YDR304C",2253.9808055258,0.202578179948034,0.0467887746317776,4.32963208680504,1.4935866318583e-05,3.4675607291776e-05
"YDR305C",274.365630085426,0.285950695485096,0.0343372291461206,8.32771608530921,8.24168783404014e-17,4.4711806475049e-16
"YDR306C",514.735710651291,0.236310844298475,0.039493602531973,5.9835221187321,2.18363367842735e-09,7.06548263118615e-09
"YDR307W",434.044520406556,0.19183850026231,0.0358183306133667,5.35587496617499,8.51433748531168e-08,2.42125372308636e-07
"YDR308C",279.667664149848,-0.00471006228930116,0.0536796907345168,-0.0877438417556403,0.930080273296943,0.948136069948084
"YDR309C",804.218679590381,0.515170764146867,0.0691887958799406,7.44586977696235,9.63077703259592e-14,4.33007288936126e-13
"YDR310C",915.624281936113,-0.0252002050398729,0.0385142252409178,-0.654309021724783,0.512912734690207,0.585517209082963
"YDR311W",486.043696719064,0.148722879717975,0.0304620569667753,4.88223365481149,1.04890863176276e-06,2.70039014891317e-06
"YDR312W",231.819047519633,-0.460007037557174,0.0775931947961322,-5.92844564224729,3.05815611765304e-09,9.78012828142038e-09
"YDR313C",285.866106725523,0.39662201399512,0.039891174183888,9.94260064060273,2.71641100279336e-23,2.15775880926277e-22
"YDR314C",103.566081496071,-0.57813310850309,0.0551509340617352,-10.4827437347831,1.03691041014919e-25,9.41016716545683e-25
"YDR315C",166.312783066829,0.475099618857379,0.0560392159013948,8.47798476861903,2.29127954774421e-17,1.28248266956325e-16
"YDR316W",323.8860175748,0.0903484549268802,0.0752087309153971,1.20130274540218,0.229633785874174,0.290214551977551
"YDR316W-A",0,NA,NA,NA,NA,NA
"YDR316W-B",1455.550929546,-2.30215215670699,0.0481226172804341,-47.839296505658,0,0
"YDR317W",110.152567226736,0.00207882008508222,0.0774321817691875,0.026846978059831,0.978581783632512,0.985607920489352
"YDR318W",233.905583164374,0.117676799661648,0.0766641447513832,1.5349652701829,0.124792359164632,0.167927746223299
"YDR319C",441.796703114406,0.378469252947595,0.0660409844890389,5.73082390996776,9.99439792939561e-09,3.0569792510588e-08
"YDR320C",390.56157397111,0.221517439879368,0.0417884152255903,5.30092942466303,1.15214624406145e-07,3.23758742356973e-07
"YDR320C-A",233.335087710852,0.433154340203819,0.0618396311904045,7.00447806472415,2.47908257661357e-12,1.00256372983685e-11
"YDR320W-B",1.95292773270343,-0.210908957565519,0.384364858594663,-0.548720708590939,0.583197132356182,0.652964367428089
"YDR321W",1388.89926972677,-0.2821680030401,0.0514111672810888,-5.48845742982952,4.05458956802593e-08,1.19058616778706e-07
"YDR322C-A",542.627431799792,0.075648352781487,0.0604886244621438,1.25062114495314,0.211072732297656,0.269782483365956
"YDR322W",392.489395609126,-0.332540965145836,0.0399031934571155,-8.3336930289357,7.83589321427468e-17,4.2644865048256e-16
"YDR323C",155.037119475807,0.080994371523434,0.048635880048323,1.66532139323809,0.0958486526419527,0.13266456368692
"YDR324C",353.079038389271,-1.23000353620086,0.133673858040499,-9.20152641833832,3.52900532406843e-20,2.37302322817856e-19
"YDR325W",321.928903433808,-0.126849814794273,0.0372318003097101,-3.40702876946808,0.000656742042149455,0.00126831232676757
"YDR326C",783.391515469942,-0.0846276279782398,0.0551660783292742,-1.53405191271919,0.125016882066851,0.168131208550902
"YDR327W",516.972114260309,0.318551516064326,0.109693734182789,2.90400831403464,0.00368418376429423,0.00645365421812581
"YDR328C",1809.08267114065,0.0775740493028994,0.0704790913340726,1.10066755734969,0.27104137103466,0.336369040474008
"YDR329C",883.282312968723,0.3443924122955,0.0370998654466536,9.2828480143872,1.65007796057297e-20,1.12385012780014e-19
"YDR330W",913.508026276517,-0.0998792090720941,0.0461314856252906,-2.16509847273025,0.0303801449174377,0.0462663309468794
"YDR331W",457.421992437949,-0.105897984752402,0.0302487349997933,-3.50090622808279,0.000463678964921142,0.000916302097010208
"YDR332W",286.117831625514,0.0506878318394565,0.0485871622748258,1.04323507416936,0.296839432762453,0.365222403500789
"YDR333C",677.640905478807,-0.139990728775763,0.0534635931296949,-2.61843098416835,0.00883351584707748,0.0146600133925322
"YDR334W",1099.83854042376,0.0245820502002787,0.0398682968041516,0.616581398524125,0.537510866995168,0.609551146399565
"YDR335W",1851.58350644327,0.388077973787781,0.0402498574436632,9.64172293854618,5.32859861268594e-22,3.94144407060931e-21
"YDR336W",261.801627546267,-0.075790396236682,0.0557821736650152,-1.35868488545858,0.174246463610629,0.227187532823639
"YDR337W",446.545782030149,0.0172306099875949,0.0404424738690939,0.42605232418194,0.670069719183285,0.731072101231057
"YDR338C",379.434156908937,0.0758107046942012,0.041773147547154,1.81481906788626,0.0695517191129219,0.0988321164589526
"YDR339C",427.145485702088,-0.352640634288958,0.05982647148482,-5.89439132104649,3.76065006789627e-09,1.19489661972556e-08
"YDR340W",4.90662233604718,-0.0642456367370815,0.268275929241423,-0.239475963865794,0.810736532358748,0.853544016849683
"YDR341C",2463.42899108098,-0.466162121221112,0.0382171001376337,-12.1977366033083,3.19584177051017e-34,4.17157410613652e-33
"YDR342C",13175.3938808609,-2.79038406132442,0.130737537008702,-21.3434039310277,4.4903531076035e-101,1.79588017600026e-99
"YDR343C",7628.62079977239,-2.60955414377487,0.12186781909915,-21.4129879656891,1.01117133328412e-101,4.09167505980086e-100
"YDR344C",70.6535220664976,0.993717416442989,0.0833318880629304,11.9248158123161,8.78781677328507e-33,1.09118035349148e-31
"YDR345C",29390.9127158524,-1.22689206996406,0.0518249610072417,-23.6737673530063,6.71931264906693e-124,3.18773460089182e-122
"YDR346C",2521.02877689228,-0.428408485836159,0.0485335213474157,-8.82706372714023,1.07459578341849e-18,6.53593668800687e-18
"YDR347W",690.122621521511,-0.30182529163049,0.035658946802569,-8.46422339116156,2.57865146818332e-17,1.43864910378208e-16
"YDR348C",1700.39189984245,0.239365895343676,0.0298133092153957,8.02882677713839,9.84091886345422e-16,4.99230684820808e-15
"YDR349C",1453.75104155382,0.221587162694421,0.0369786785901779,5.99229532104693,2.06899758246574e-09,6.71034152276372e-09
"YDR350C",541.079950730956,0.108120428953673,0.0575438193178741,1.87892340542104,0.0602549524684916,0.0867141878725426
"YDR351W",700.782740729833,0.079315892929044,0.0490733815351891,1.6162711932164,0.106035692191564,0.14536060713148
"YDR352W",452.044446579497,-0.183488394528307,0.0399995445242311,-4.58726209787595,4.49096730636669e-06,1.09540550728081e-05
"YDR353W",5822.99549593697,-0.0407758329348669,0.0393052064887426,-1.03741556342022,0.299542228169819,0.368086993136867
"YDR354C-A",0,NA,NA,NA,NA,NA
"YDR354W",941.060913617166,0.334345048652832,0.0704195108127254,4.74790359651878,2.05535956717535e-06,5.16580871852364e-06
"YDR355C",0.302675849561116,-0.139077083476649,0.845143692800879,-0.164560280886362,0.869290096172626,0.902912411350605
"YDR356W",351.127138573511,0.216441986330638,0.0849500368914714,2.54787395333512,0.0108381623186869,0.0176965864206615
"YDR357C",154.587568549509,0.15817106852786,0.0817888981500202,1.9338941116157,0.0531261482646424,0.0773122009546172
"YDR358W",930.473156260014,0.172478969477914,0.0554589468834616,3.11002965563612,0.0018706856122759,0.00341247582255262
"YDR359C",631.058132547194,0.478684000520085,0.0479537524905296,9.98220109290969,1.82375450212099e-23,1.46732248188191e-22
"YDR360W",8.83606395740681,-0.0299444458726294,0.17767798531682,-0.168532110600168,0.866164684329723,0.900596563407522
"YDR361C",466.506747054889,-0.964540511928798,0.0769920334318378,-12.5277963048309,5.26040909088951e-36,7.28095656664566e-35
"YDR362C",363.761683743893,-0.0534643806425943,0.0378166982775025,-1.41377706351484,0.157427370069647,0.207341160005572
"YDR363W",299.52031048745,-0.044921497137773,0.0580377030036465,-0.774005427729464,0.438927581518443,0.512106993430355
"YDR363W-A",884.146436550312,0.20277078285511,0.06418852717283,3.15898793423227,0.0015831804475531,0.0029088403575635
"YDR364C",262.795425800276,-0.382170712880164,0.0548998046358805,-6.96123994274456,3.37290727985669e-12,1.34975155195661e-11
"YDR365C",1859.43827090188,-0.890587161399847,0.0962232785445931,-9.25542316651702,2.13383476736208e-20,1.44759855667492e-19
"YDR365W-A",0,NA,NA,NA,NA,NA
"YDR365W-B",1468.27462016509,-2.35022733501035,0.0434457562016825,-54.0956710271124,0,0
"YDR366C",72.0326617125018,-0.161171010527064,0.115153185851374,-1.39962267943749,0.161626338816777,0.212409348616344
"YDR367W",414.872853609191,0.309562688305515,0.03965249081616,7.80689136883568,5.86157496852734e-15,2.80401767792069e-14
"YDR368W",1099.01564564958,0.112812821952068,0.0431066087872288,2.61706557592837,0.00886893011589822,0.0147152364368702
"YDR369C",214.924134094222,0.114055447807208,0.0513006576327822,2.22327457522345,0.0261972908410451,0.0403066794219525
"YDR370C",265.326630487177,-0.0509306610942552,0.0623689889437689,-0.816602320428404,0.414155728599417,0.487671560601744
"YDR371C-A",0,NA,NA,NA,NA,NA
"YDR371W",321.097975835107,0.0842827150116896,0.0528927907387025,1.59346318911508,0.111056319954058,0.151368421827614
"YDR372C",1523.63798989491,-0.0920981297370085,0.0391593294847411,-2.35188219381784,0.018678689608728,0.0294298455837013
"YDR373W",606.328281775042,0.353825175805871,0.0380635918153524,9.29563288515407,1.46333003061066e-20,1.00161664483291e-19
"YDR374C",3.58330723884475,0.474906899766312,0.310020501004789,1.53185643603284,0.125557865761558,0.168759780885846
"YDR374W-A",150.417572794916,0.848350806379178,0.0808794583222448,10.4890762620977,9.69717806119727e-26,8.82366241838307e-25
"YDR375C",523.055655309511,-0.0953590124120478,0.0328335632168951,-2.90431506876412,0.00368057567044568,0.00644897606647882
"YDR376W",434.668633271365,0.0945995750022734,0.046439510105171,2.03704937429432,0.0416450944001502,0.0619408874332181
"YDR377W",762.056240080555,0.279757452544793,0.0536746850331358,5.2120930448327,1.86721850469298e-07,5.15433230087602e-07
"YDR378C",775.012641397843,0.151654616914472,0.0446288952067518,3.39812617390378,0.000678491199229168,0.0013073784200273
"YDR379C-A",76.0677410380245,1.08781810301098,0.130044353761862,8.36497757528942,6.01263604115769e-17,3.29044736094859e-16
"YDR379W",923.169031760326,0.21949247895626,0.0311775867509143,7.04007275193689,1.92139484255958e-12,7.84408019107856e-12
"YDR380W",407.750065024377,-0.0639044921781162,0.0626725706816463,-1.01965646985709,0.307891413236668,0.376798617978124
"YDR381C-A",286.772576269638,0.680546119746654,0.0702394521984885,9.68894401145826,3.35984432919937e-22,2.51221403701766e-21
"YDR381W",1825.17079855313,-0.53681601152231,0.0539146511500626,-9.95677427325218,2.35582551754594e-23,1.87792707319723e-22
"YDR382W",13022.1955662481,-0.31030916108421,0.0570472688360944,-5.43950950528019,5.34274588864837e-08,1.55205865574376e-07
"YDR383C",271.135265264389,0.553696399964424,0.0581766474082078,9.51750272028062,1.77390575040873e-21,1.27376802265779e-20
"YDR384C",589.042139645226,-0.86840248918876,0.0537347000193426,-16.1609256007043,9.51226294818728e-59,2.29595988844141e-57
"YDR385W",16155.1845283641,-0.433583786580363,0.0562793781355922,-7.70413250721681,1.31735101302998e-14,6.20264039605285e-14
"YDR386W",228.432598813035,0.457709017693393,0.0513073713159755,8.9209212234749,4.62425451764994e-19,2.88659227104482e-18
"YDR387C",603.856431321226,0.0338975365543321,0.03445931694176,0.983697286037985,0.325264374634985,0.395247064673037
"YDR388W",3437.09855237305,-0.0330459474827211,0.0691295033822046,-0.478029580221573,0.63262915156584,0.698199516354453
"YDR389W",580.61615884015,-0.22742984885392,0.0377649378989995,-6.02224871816737,1.72010295271909e-09,5.60343695053635e-09
"YDR390C",810.75471919065,-0.0739532385953187,0.0347909213121833,-2.12564760592934,0.0335326125509638,0.0506079073580693
"YDR391C",776.449557202237,-0.37488344457366,0.0865576695759025,-4.33102515826081,1.48416721155307e-05,3.44685558685806e-05
"YDR392W",549.811354326451,0.188164374337177,0.0287456168270585,6.54584577082572,5.91596098581739e-11,2.17625110275068e-10
"YDR393W",338.735633721529,-0.129946299457927,0.0445797594115852,-2.91491702003573,0.00355783126424915,0.00624780851763364
"YDR394W",2938.00659509318,-0.152736320089215,0.0540425518536343,-2.82622331571014,0.00471004148705856,0.00812446724911631
"YDR395W",810.980111554063,-0.812593472463516,0.0611609421642284,-13.2861503389132,2.7854455444657e-40,4.47688782719149e-39
"YDR396W",38.1716142528969,-0.551842251375263,0.117213377710563,-4.70801423996103,2.50141630870465e-06,6.23902929208821e-06
"YDR397C",37.4526606809053,-1.0107901104086,0.105738446909871,-9.55934326584327,1.18506297654582e-21,8.59920697854294e-21
"YDR398W",880.338344059384,-0.899360672036238,0.0876177807752844,-10.2645908636154,1.01751369927842e-24,8.84889600168936e-24
"YDR399W",1643.31516531216,-1.87373135055886,0.0639201595903935,-29.3136212826425,6.95445309041522e-189,4.93192606278003e-187
"YDR400W",287.485824653465,-0.0117877933226118,0.0369121188642659,-0.319347512017886,0.749463007886165,0.801298730377514
"YDR401W",0.415932437449329,0.459177446152115,0.815501746999764,0.563061266075065,0.573393165920607,0.64387391256413
"YDR402C",12.9999696833384,-0.237846479965175,0.157269340424876,-1.51235122702628,0.130444535529251,0.174781449144082
"YDR403W",59.8757654467539,0.328108133359128,0.0777493002566159,4.22007828078437,2.44217502351651e-05,5.53532849646459e-05
"YDR404C",743.916178492545,-0.240808766200366,0.0261723494700761,-9.20088456237727,3.5501508711885e-20,2.38258417979568e-19
"YDR405W",1007.99834378235,-0.154126480989101,0.0605149500171617,-2.54691577776056,0.010867965930561,0.0177384777847455
"YDR406W",1423.74707038109,-1.97209920140229,0.0439527214715254,-44.8686482970094,0,0
"YDR406W-A",11.7067712761649,-0.930130418512667,0.288965558204602,-3.21882796099211,0.00128715685029006,0.00239890327096866
"YDR407C",585.466314350032,0.0548188382901741,0.0637548435773866,0.85983801722663,0.389878339538983,0.463127801362228
"YDR408C",1328.70850099253,-0.202535660342547,0.0770246894752919,-2.62949012481922,0.00855130154595474,0.0142156605448581
"YDR409W",461.371576105391,-0.116493794951967,0.0415334203662655,-2.80482064623278,0.00503445850412801,0.00865152137144555
"YDR410C",352.325160792755,0.165714122966959,0.0522801143785346,3.16973527959607,0.00152577874895397,0.00281088163204456
"YDR411C",763.353653031801,0.0236745055350422,0.0544030298807257,0.435168879140494,0.663439850030868,0.725218930297527
"YDR412W",59.6781739936219,-1.08058462562172,0.116357433772046,-9.28676914393525,1.59042703410549e-20,1.08602605967184e-19
"YDR413C",1.53990197045983,-1.23711511157553,0.427395270530496,-2.89454562761067,0.00379707720822602,0.00664295374246866
"YDR414C",279.299126018115,-0.218097261879277,0.0426301780034059,-5.11602981957646,3.12033751113352e-07,8.45403770739955e-07
"YDR415C",421.074404346962,0.0302564549730452,0.0315237147917391,0.959799794311487,0.337155985873792,0.407518425735649
"YDR416W",346.268662168163,-0.100631094223944,0.0376369391065954,-2.67373215284422,0.00750123367657676,0.0125825375423486
"YDR417C",6.43575916722175,-0.332074277641799,0.225199944647031,-1.47457530756625,0.140326757500603,0.186821707924646
"YDR418W",2328.9155089761,-0.209923414986928,0.052671325925463,-3.98553503824828,6.73282406514668e-05,0.000145782488964885
"YDR419W",241.550559297775,-0.0772946910604908,0.0409148879250042,-1.88915807864779,0.0588706500997884,0.084899623068437
"YDR420W",909.451086249203,-0.311555374016381,0.0536193508221551,-5.81050253759597,6.22855886263913e-09,1.94050074348254e-08
"YDR421W",514.542340549667,0.43860929981334,0.0425778558467467,10.3013477567319,6.94809322406268e-25,6.0886539220799e-24
"YDR422C",502.587665439105,-0.257113574310622,0.0340451497087987,-7.55213522366074,4.28179573201508e-14,1.96756665601414e-13
"YDR423C",593.063739498089,0.335422948218627,0.0487530331617355,6.88004266536361,5.98346373759348e-12,2.35335889370529e-11
"YDR424C",518.596997329692,0.392643979032685,0.0802849781329496,4.89062821169955,1.00514661475349e-06,2.59354972351435e-06
"YDR425W",259.17798373679,-0.132089307926765,0.060869531530042,-2.17003983120147,0.0300038286366003,0.0457438690583275
"YDR426C",1.06780709941877,0.959991887281998,0.604268462904465,1.58868441134214,0.112131660075439,0.152743304882959
"YDR427W",1212.42456126613,-0.0447342373510011,0.0532938522099409,-0.839388325219561,0.401251433099684,0.474833753361901
"YDR428C",267.988744730357,-0.391318152803585,0.0545124146838227,-7.17851438196728,7.0472978629067e-13,2.95419634362798e-12
"YDR429C",3489.2076159553,-0.305936612762327,0.0403538864917404,-7.58134195636759,3.41998871477079e-14,1.57787406900793e-13
"YDR430C",775.135724457919,-0.430821385776797,0.0324857981767145,-13.2618377862609,3.85335381515668e-40,6.13092388078024e-39
"YDR431W",1.76933116369459,0.0888455434274248,0.4012513637679,0.221421162518009,0.82476451603075,0.865927213946204
"YDR432W",2805.74946080327,-0.275720749511746,0.0391699958962341,-7.03908037780149,1.93512723644839e-12,7.89545685618534e-12
"YDR433W",18.3538959991072,-0.0680399789366174,0.187629765878269,-0.362628917741977,0.716882105387459,0.773194105199174
"YDR434W",820.210300922161,0.00254328973343412,0.0266656243878214,0.0953770928610127,0.92401531036873,0.943211354804347
"YDR435C",736.429989326164,0.113106365955669,0.0650441875228703,1.73891580882456,0.0820495730541702,0.115117073840432
"YDR436W",866.739084544677,0.341964973203343,0.0612601753623904,5.58217424583616,2.37530222749059e-08,7.06734603066946e-08
"YDR437W",70.383348624354,-0.560270612978465,0.0868489385520885,-6.45109338489425,1.11046043379033e-10,4.01200489708178e-10
"YDR438W",263.176310775455,0.0555359423498864,0.0427891400505767,1.29789807143222,0.19432236287674,0.250749115405945
"YDR439W",214.261429981592,-0.163815650961843,0.0470763672875039,-3.47978530206868,0.000501815749396361,0.000985719743031858
"YDR440W",371.693974047592,-0.245568447793792,0.0425491542495821,-5.77140608608464,7.86127684668342e-09,2.42392305819522e-08
"YDR441C",341.047580262605,-0.446097312151218,0.0702354487484226,-6.35145528505273,2.13287416658066e-10,7.49721072657554e-10
"YDR442W",6.35794861744766,0.529802970740366,0.223533511404228,2.37012771558128,0.017781941647242,0.0281135317378482
"YDR443C",375.251972553051,-0.0367168350537569,0.0499345964241889,-0.735298524130474,0.462157706844372,0.535396238696941
"YDR444W",344.618468064135,-0.190609876582836,0.0703289926017847,-2.71026029993211,0.00672304232107062,0.0113463709829845
"YDR445C",0.500618478734468,-0.25989921527106,0.731266688150769,-0.355409619339143,0.722282743481423,0.777921245092956
"YDR446W",3.92285196395701,-0.278038877372911,0.28025313272473,-0.992099087955625,0.321149191408983,0.391075462507062
"YDR447C",4806.89129060383,-0.370994076613139,0.0635380633318441,-5.8389264192005,5.25382648604361e-09,1.64952407108599e-08
"YDR448W",265.059009174161,0.0092722550977782,0.0857195930344629,0.108169611748511,0.91386114979908,0.936180320099459
"YDR449C",180.688096655187,-1.0551953039178,0.13962838770661,-7.55716886264563,4.11937037116148e-14,1.89419443738101e-13
"YDR450W",10532.8516212762,-0.429842795616509,0.0625535794969028,-6.87159390515441,6.34884763003325e-12,2.49421603923465e-11
"YDR451C",284.221146349833,-0.36695178370544,0.0591707992564119,-6.2015688197025,5.59030646180946e-10,1.90657997772867e-09
"YDR452W",2261.08352738961,0.577859369037464,0.0390734295086276,14.7890619355506,1.72338930065358e-49,3.46643128631461e-48
"YDR453C",243.419597129654,-0.256377212588413,0.113982194978593,-2.24927421898273,0.0244950550181348,0.0378484913454065
"YDR454C",1716.33032559364,-0.255844607059617,0.0391765718536886,-6.53055116754755,6.55280960008226e-11,2.39515288198544e-10
"YDR455C",1.01726244148752,-0.302627778159258,0.515179048561165,-0.587422526215813,0.556919968623259,0.627732666583549
"YDR456W",972.744003915877,0.487732084592435,0.0461833657151699,10.5607739288743,4.52912122180454e-26,4.17638403281413e-25
"YDR457W",1833.2845469704,-0.0790928335454114,0.0412199099368212,-1.91880170690909,0.055009433766285,0.0798670103162251
"YDR458C",522.405750732378,0.0893967175713086,0.0567144610768233,1.57625966771006,0.114965972518729,0.156140360307273
"YDR459C",374.327455167016,0.296330583329928,0.0376976619126184,7.86071518219911,3.8194636860497e-15,1.85420541258545e-14
"YDR460W",470.442899889804,0.433673168097619,0.0311364926314847,13.9281316373796,4.27389933169941e-44,7.63640350721045e-43
"YDR461C-A",275.963100609868,0.817584098796761,0.11138607102064,7.34009280788137,2.13445794052953e-13,9.34595502295203e-13
"YDR461W",552.602392059462,-1.03798744012378,0.065695184026656,-15.8000537711047,3.10851316506765e-56,7.1041402200998e-55
"YDR462W",399.866758574832,-0.0758955016398256,0.0590727457800233,-1.28478032699626,0.198869058900477,0.255800347078605
"YDR463W",654.380806658037,0.267535596962332,0.035095972873166,7.6229713856112,2.47901849303212e-14,1.14836149586316e-13
"YDR464C-A",0,NA,NA,NA,NA,NA
"YDR464W",461.436176267013,-0.169123472954421,0.0669554338260503,-2.525911091754,0.0115398681378649,0.0187843712542292
"YDR465C",977.716005944559,-0.562507402966095,0.0767488470378995,-7.32919678504515,2.31536197921923e-13,1.01254768309276e-12
"YDR466W",667.436164535354,-0.0981080651938881,0.0382848003043268,-2.56258526658164,0.0103896072706706,0.0170207450380908
"YDR467C",40.7978730689884,0.338708015230041,0.106583118284207,3.17787676587643,0.00148357793949384,0.0027390050042346
"YDR468C",589.780131093525,0.00228895928709011,0.050507654139015,0.0453190575984797,0.963852997276686,0.973190190557218
"YDR469W",423.23185230511,0.235705987457403,0.0582255297333785,4.04815531153994,5.16228880960785e-05,0.000113129610453305
"YDR470C",392.538347064294,-0.0831881875295749,0.0338620268760327,-2.45668068937878,0.0140227263901126,0.0225559164508314
"YDR471W",6069.20423112819,-0.36783454696575,0.0601423666643817,-6.11606372290623,9.59149841165975e-10,3.19825097303962e-09
"YDR472W",402.187952698668,-0.126592553541445,0.0467061648205079,-2.71040352013361,0.00672013961787862,0.0113442553205858
"YDR473C",319.416201652187,0.32781765000045,0.0605934159990525,5.41011997088226,6.29825417099861e-08,1.81506872401757e-07
"YDR475C",1019.18546313362,0.112474860894581,0.0513512870218179,2.19030266654843,0.0285022935854988,0.0436189716517567
"YDR476C",1902.35457209669,0.391633347571447,0.117369130656281,3.33676619551998,0.00084759217760404,0.00161244098167538
"YDR477W",1172.09621358258,-0.298732525492272,0.0250658419770368,-11.9179130613664,9.54700661750859e-33,1.18118450578852e-31
"YDR478W",72.0933162109153,-0.112566929267048,0.0702973788257605,-1.60129625239737,0.109311318680898,0.149137755098354
"YDR479C",1021.449819625,0.378478024815874,0.0542779356626708,6.97296277382504,3.10334765417587e-12,1.24768723045446e-11
"YDR480W",315.245137893193,0.511447784780149,0.0389998647433471,13.1140912448266,2.73440240230295e-39,4.21747850346233e-38
"YDR481C",2208.44747762859,-0.832454226785994,0.0542070618994079,-15.3569331673202,3.18278681480899e-53,6.97273582772964e-52
"YDR482C",676.085773426257,-0.00380568711687037,0.10890164452027,-0.0349460940983495,0.972122725265696,0.979957829294068
"YDR483W",2810.94858457636,-0.0951764265550771,0.031555503796213,-3.01615930994895,0.00255998719844114,0.00459555113206592
"YDR484W",259.355594702136,0.0704747061992057,0.0574654364239266,1.22638425086184,0.220054109817478,0.279444751972389
"YDR485C",618.305412221373,0.157333282934267,0.0422379207258774,3.72492964214206,0.000195369704341961,0.000401658157850673
"YDR486C",677.538753112383,0.121599532253322,0.0585636651867492,2.07636478805694,0.0378602253491139,0.0566544464164792
"YDR487C",2445.90465657476,0.10663113524668,0.0846210530169059,1.26010172935778,0.20763266650933,0.265830097323223
"YDR488C",258.160498034719,-0.322918823201757,0.078284650220699,-4.12493154521849,3.70845040070052e-05,8.23182649448819e-05
"YDR489W",255.231161861589,0.137456465628687,0.0546873142941133,2.51349819245893,0.0119540390507768,0.0194080327189742
"YDR490C",674.009332495619,0.203131301814471,0.0326172456307387,6.22772701638053,4.73250717217816e-10,1.62368662530741e-09
"YDR491C",44.4610151790463,-0.692569921717423,0.124846155421897,-5.54738685686391,2.89970682187269e-08,8.58677711048739e-08
"YDR492W",835.372004604038,-0.752191756740808,0.0919554240346391,-8.17996072159334,2.83936411484695e-16,1.49555786723064e-15
"YDR493W",169.367134473532,-0.103146833795587,0.0616180329318956,-1.67397154514153,0.0941361917796541,0.130478110669402
"YDR494W",565.743469156788,-0.088444227799491,0.0518866756136841,-1.70456531958208,0.088275524002757,0.1230241753677
"YDR495C",266.513817673312,-0.109915068202194,0.0852901122297282,-1.288719938674,0.197495468174813,0.254271256892109
"YDR496C",656.227253516044,-1.16786373510993,0.139619228790937,-8.36463390625558,6.03018670599347e-17,3.29742880369866e-16
"YDR497C",5830.7039835927,-0.1298886471673,0.0623462195124743,-2.08334439815251,0.0372198425201828,0.0557568154826519
"YDR498C",518.506256835075,0.292952746296722,0.0362228317398389,8.08751641508259,6.08936262698058e-16,3.14244002333079e-15
"YDR499W",300.588027227481,0.293299294507256,0.0501041837210948,5.85378850077487,4.80499605223246e-09,1.51482290029824e-08
"YDR500C",7906.41470868359,-0.182672141437145,0.0763892755186526,-2.3913322936613,0.0167873514380982,0.0266451754828514
"YDR501W",76.9184006557397,-0.564750900181307,0.064281999561879,-8.78552167061431,1.55640539006085e-18,9.40818337278432e-18
"YDR502C",1877.2861666257,-0.388789114495634,0.076705375133883,-5.06860326042385,4.00745555497965e-07,1.07182296900097e-06
"YDR503C",250.318521688332,0.506533340048076,0.0500518804865575,10.1201660182202,4.49652264763581e-24,3.74928233855596e-23
"YDR504C",43.7033209913314,0.393930121217761,0.243199340679869,1.61978285021876,0.105278931525229,0.144467139429892
"YDR505C",678.199122735905,-0.201447140243352,0.047414976441761,-4.24859728636133,2.15113225031861e-05,4.90312748507016e-05
"YDR506C",307.432730876818,0.612487462221255,0.058670874453512,10.4393784467379,1.63880177626598e-25,1.46979366609305e-24
"YDR507C",711.568849265159,0.515439551853535,0.0555987196910181,9.27070901484812,1.849126011882e-20,1.25817387099271e-19
"YDR508C",2138.50165660518,-0.159162801402957,0.0761092983111542,-2.0912399001796,0.0365065642528205,0.0547956917947092
"YDR509W",0.874999711977668,-0.866374425548012,0.623542589375709,-1.38943905405953,0.16469928151338,0.216008838423363
"YDR510C-A",106.73617896991,0.57422917604653,0.108607765728145,5.2871833997937,1.24214088346467e-07,3.48052429220101e-07
"YDR510W",1528.19722642162,0.383132178344898,0.0322461609619662,11.8814819164612,1.47724948790522e-32,1.80818491588969e-31
"YDR511W",267.337566183963,0.230817026841532,0.0764240285280489,3.02021538627499,0.0025259498591899,0.00453800184940384
"YDR512C",341.769596448768,0.622378663896144,0.0782149617454932,7.95728400304442,1.75856746068668e-15,8.74706114393612e-15
"YDR513W",1165.47296001579,-0.0380421771766481,0.0600265982585598,-0.633755339804272,0.526240503178941,0.598546365966921
"YDR514C",322.655202205886,-0.127931573104864,0.0860699671553641,-1.48636716537762,0.13718202985119,0.18298917652634
"YDR515W",194.649266455053,-0.49919804527578,0.0756694986170214,-6.5970840880329,4.19322961451474e-11,1.5600447008246e-10
"YDR516C",8189.4708073185,-0.680998473005126,0.110221324245892,-6.17846390128549,6.47282844052072e-10,2.18589037026716e-09
"YDR517W",2414.87029624594,0.415357444768198,0.074177254866766,5.59952569711895,2.14939071660222e-08,6.41460249002459e-08
"YDR518W",763.179682578578,0.457168234452318,0.0302313236693346,15.1223360066119,1.15376021718989e-51,2.44960386853371e-50
"YDR519W",580.285009651295,0.188998298995834,0.0387856165228531,4.87289660290622,1.09973787069542e-06,2.82596070695323e-06
"YDR520C",209.034434405079,0.136777598501332,0.066956051180256,2.04279667170194,0.0410725701827866,0.061128994004195
"YDR521W",1.27643050401377,-0.530432779941055,0.4984543578986,-1.0641551659359,0.287258413504178,0.354457455792961
"YDR522C",48.3146403487592,-0.0163191593829886,0.117880220657633,-0.138438486897521,0.889893881692425,0.918742310094881
"YDR523C",52.3672988378206,-0.841730481916471,0.176130068044913,-4.77902774500622,1.76144888899054e-06,4.46134274939834e-06
"YDR524C",441.786224493555,-0.306337178362496,0.039848264976875,-7.68759138045964,1.49930756522848e-14,7.044902145633e-14
"YDR524C-A",3.77620677939084,2.86120114545036,0.400162821215314,7.15009239679177,8.67195098438584e-13,3.62861014729867e-12
"YDR524C-B",33577.7874510095,0.064291004302968,0.126342369355318,0.50886337363327,0.610847994438564,0.678073802443582
"YDR524W-C",2688.29339141813,0.182866910311823,0.234523589667758,0.779737810473074,0.435545218344418,0.508901046897954
"YDR525W",3.38018004643902,0.833241274703429,0.29805074358071,2.79563561792556,0.00517977643651802,0.00888127669661203
"YDR525W-A",369.136957054015,1.28517880256704,0.0612070471848108,20.9972358033631,6.95141904733616e-98,2.70162777551556e-96
"YDR526C",2.98653231788811,0.171616328209267,0.346100782173669,0.495856516507819,0.619995647127031,0.687008707568758
"YDR527W",525.854097421283,0.100821113339476,0.0556897333929777,1.8104075418718,0.0702326105985412,0.0996761147735434
"YDR528W",160.652943629949,0.925702944235268,0.0962086241962131,9.62182914441578,6.46707539986999e-22,4.76816845398775e-21
"YDR529C",815.84952611988,0.148730209568906,0.0726322078345405,2.04771703908162,0.0405877332887695,0.0604466372144286
"YDR530C",900.41783933437,0.299897644560793,0.0659812754701887,4.54519319949023,5.48848878824478e-06,1.32660978124863e-05
"YDR531W",690.932049682146,0.067161013697459,0.0452382915087476,1.48460544060273,0.137648373412777,0.183575641858568
"YDR532C",206.675526754361,0.262786498608573,0.0812484455313044,3.23435724696201,0.00121916850964856,0.00227898374398708
"YDR533C",211.289005338859,-0.201805819491842,0.0564261422194596,-3.57645962587613,0.000348279077646193,0.000696862063737104
"YDR534C",900.427310063676,-0.0257084792783263,0.0657259158884303,-0.39114676350751,0.695688756278293,0.75507146646235
"YDR535C",22.8687370768998,0.731909608942504,0.122721505419621,5.9639881896811,2.46154538555159e-09,7.94602097945068e-09
"YDR536W",131.605319276171,0.463701473947628,0.062040238536184,7.47420520759573,7.76718550012575e-14,3.51285135143754e-13
"YDR537C",4.27119925959288,0.337352347964439,0.258270579316874,1.30619735649618,0.191485451569745,0.247506279847478
"YDR538W",56.6296132857356,0.133029173580344,0.0797370777063835,1.66834774244171,0.0952467155890982,0.131884492056644
"YDR539W",490.025101586062,-0.303942749031356,0.0303710084409017,-10.007660747347,1.4104815366771e-23,1.14662999684698e-22
"YDR540C",55.1282290519428,0.088262572544423,0.0993011091534749,0.888837730986556,0.374090294758194,0.447230993681198
"YDR541C",353.520619926031,0.42363030259063,0.0400426469900023,10.5794779924614,3.71019503293163e-26,3.43968081287556e-25
"YDR542W",18.3275567199731,0.18356938657464,0.14012168790923,1.31007119107468,0.190171753234105,0.245993134730615
"YDR543C",0.554853974239125,0.974249949474843,0.69768865380775,1.39639643579943,0.162595147813631,0.213493418936813
"YDR544C",1.97593001619448,0.226600842729123,0.372846648738705,0.607758829255101,0.543347438908236,0.615148391086171
"YDR545C-A",0,NA,NA,NA,NA,NA
"YDR545W",1876.42442493999,0.446023670196419,0.0742933732968454,6.00354581308745,1.93054260069842e-09,6.27016173286327e-09
"YEL001C",1702.18337926101,0.217541968754993,0.0265514887470562,8.19321171883863,2.54346192958635e-16,1.34278393043933e-15
"YEL002C",2011.93024483984,0.241334254204504,0.0265704490933049,9.08280674357569,1.05810383569425e-19,6.84087996780144e-19
"YEL003W",342.375635973148,-0.223168311154592,0.0506476120635192,-4.40629482935361,1.05153814794793e-05,2.47215684201428e-05
"YEL004W",156.764445286614,-0.272351406070885,0.0726405717151201,-3.74930152173066,0.000177327776849767,0.000366207678459787
"YEL005C",200.100903561475,0.0889764907570492,0.0555450373500226,1.60188011390387,0.109182122746455,0.149020599677156
"YEL006W",479.599890254294,-0.253011898493787,0.0354485305948085,-7.13744390101296,9.50824058872407e-13,3.95687761704978e-12
"YEL007W",1115.57727250018,-0.23876567956169,0.0535851017365598,-4.45582208158402,8.35723217506968e-06,1.98513122003813e-05
"YEL008C-A",0,NA,NA,NA,NA,NA
"YEL008W",18.2437175202303,1.0677880985157,0.135055497608997,7.90629124633699,2.65170382164726e-15,1.29829683908267e-14
"YEL009C",8344.20845829798,-0.133415611895802,0.0511592195762016,-2.60785080384347,0.00911126570457478,0.0150736884997042
"YEL009C-A",1.2999411522771,0.30285713560105,0.44203325004969,0.685145598361673,0.49325204880214,0.566646767486627
"YEL010W",0.830757190712242,0.705310445687297,0.618595582496046,1.14018021732608,0.254211227492272,0.317314286684693
"YEL011W",4654.84567587037,-0.286399442520138,0.109745801487405,-2.60966195187893,0.00906317347011852,0.0150049507342829
"YEL012W",890.946326423797,0.557825412654273,0.088110223617281,6.33099531193184,2.43584747109054e-10,8.52298817580459e-10
"YEL013W",779.628164333608,-0.12162021185173,0.0401049064837654,-3.03255193727884,0.00242495363702674,0.0043668209604992
"YEL014C",34.6485553325158,-0.0517400766204205,0.0973259136708873,-0.531616654485077,0.594991527489218,0.662804454215224
"YEL015W",1105.14506636585,-0.200697120843783,0.0255322638444869,-7.86052980128196,3.8251210021433e-15,1.85433455769865e-14
"YEL016C",394.915023581154,-0.150702862636515,0.0333508625072642,-4.51870960169891,6.22176610433255e-06,1.4954412659575e-05
"YEL017C-A",2013.9060093503,0.00715846673476051,0.0776439595826893,0.0921960545705669,0.926542272692093,0.945229763287692
"YEL017W",516.843301175576,0.162740175004589,0.032877977807442,4.94982312956463,7.42809553913149e-07,1.93846241326576e-06
"YEL018C-A",0.144520407858335,0.148703617206415,1.34119816237222,0.110873710819435,0.911716492772222,0.934857205398653
"YEL018W",168.998591069761,0.315987396777924,0.0588613748452703,5.36833190880377,7.94682072067011e-08,2.26548610598797e-07
"YEL019C",38.5462238018062,-0.277779804590877,0.0991611940868072,-2.80129547802444,0.00508978923027866,0.00873787374970973
"YEL020C",538.421332101906,0.306129718772688,0.0760750534494985,4.02404868470987,5.72060832674372e-05,0.000124729206591664
"YEL020C-B",4.07926853309339,0.0354202887265052,0.250459840866274,0.14142103022982,0.887537341509863,0.917135251952283
"YEL020W-A",95.8251555585129,0.271953786893425,0.0771472831011766,3.52512461828066,0.000423283615796106,0.000839368115612975
"YEL021W",0,NA,NA,NA,NA,NA
"YEL022W",1057.23607650914,-0.147668275931444,0.0619312564893373,-2.38439011740168,0.0171074561308148,0.0271094657276837
"YEL023C",232.937716021867,0.100777535731739,0.0549547312586042,1.83382819683901,0.0666795007598239,0.0951635447566034
"YEL024W",443.017591937948,-0.154837454442615,0.0760158899601107,-2.03690905314488,0.0416591567388761,0.0619484088211692
"YEL025C",642.11647515815,0.128369711565216,0.036793799621636,3.48889521835983,0.000485021232673711,0.000955347777777819
"YEL026W",2439.24994401053,-0.41959148293633,0.0822376369073878,-5.1021831209578,3.35757630568867e-07,9.06110922198208e-07
"YEL027W",6782.1335621384,-0.0385895215363675,0.0534841855379373,-0.721512745276737,0.470594101879048,0.543704539272081
"YEL028W",92.9027366057862,-0.0231653171087729,0.0833791889511839,-0.277830924001138,0.781142151439033,0.827962536170895
"YEL029C",197.12215795086,-0.474529477539796,0.0587601070258897,-8.07570818975395,6.70861406564377e-16,3.449069966933e-15
"YEL030C-A",0.948983262046007,-1.45769170083073,0.558876943718304,-2.60825163251941,0.00910060273233262,0.0150596695202589
"YEL030W",143.01840141528,-0.137346558935295,0.0633704231702412,-2.16736060869155,0.0302073683944673,0.0460337809449581
"YEL031W",3741.57338821503,-0.158221448622549,0.0269151807511774,-5.87852075322315,4.13948917040859e-09,1.31223714300648e-08
"YEL032C-A",0,NA,NA,NA,NA,NA
"YEL032W",906.726242830185,0.0124110662671155,0.0500704478917241,0.24787208402757,0.80423337970381,0.848562654914284
"YEL033W",254.328018655963,-0.603709243326029,0.212582036116641,-2.83988832901563,0.00451293290802417,0.00780600087359776
"YEL034C-A",25.1767358609188,-0.46316448954013,0.153911032736211,-3.00930012167452,0.00261850310921163,0.00469324723508776
"YEL034W",0,NA,NA,NA,NA,NA
"YEL035C",15.0012238775877,1.18382253949514,0.153332098421794,7.72064395961386,1.15743444018189e-14,5.47215911615892e-14
"YEL036C",1509.15332768008,-0.0798692287699777,0.0520557961598508,-1.5343003980713,0.124955767862789,0.168081878593689
"YEL037C",2452.81662205574,0.0520337308223401,0.0391480147265637,1.32915375621929,0.183797248151779,0.238427858048421
"YEL038W",1203.62468893971,0.367544420256218,0.0487006254710544,7.54701642332439,4.45342446718609e-14,2.04234046065154e-13
"YEL039C",480.249947747974,-0.397164909505092,0.114568614936245,-3.46661177431626,0.000527062544484272,0.00103354140350835
"YEL040W",4244.80507328901,-1.39551330381127,0.0775368380321393,-17.9980682631503,2.01733371169423e-72,6.03358200119331e-71
"YEL041W",167.142644897724,0.295314328302762,0.0524308067464336,5.63245821737904,1.77658896089483e-08,5.33908058628026e-08
"YEL042W",1376.82437668767,-0.037293560159469,0.0427414513731606,-0.872538460003898,0.382914696281912,0.455879230827842
"YEL043W",1153.08310441311,0.154018477200907,0.0560276828488775,2.74897103305769,0.00597826691924508,0.0101717779217133
"YEL044W",1328.01481125239,1.09098454134474,0.0593882446900229,18.3703786336696,2.26823944872699e-75,7.12475761086437e-74
"YEL045C",105.67680071107,-0.72593151391568,0.132825016052688,-5.46532223739933,4.62066637377433e-08,1.34913259699464e-07
"YEL046C",2875.15392680842,-0.586287684749898,0.0533813182743455,-10.9830124789492,4.61280005983483e-28,4.68706818487501e-27
"YEL047C",1623.49727098984,-0.014066022350581,0.0413914115455128,-0.339829491804463,0.733984936993435,0.788531615188552
"YEL048C",47.0703605189814,-0.455824944645927,0.121241100646307,-3.75965693330096,0.000170146519074482,0.000352117299853598
"YEL049W",32.8407008053266,0.246464886331955,0.0957554171872088,2.57390018833189,0.0100559278255715,0.0165173656905699
"YEL050C",540.391312960862,-0.0792413308864139,0.0452278678647752,-1.75204657277531,0.0797657999914627,0.112095509634941
"YEL050W-A",23.7740411939058,0.115149347319505,0.112950885575098,1.01946387346335,0.307982795732706,0.376843410146796
"YEL051W",2428.18402517228,0.0356203871929051,0.0393264106149581,0.90576247961355,0.365061584319136,0.43727296509339
"YEL052W",1171.44140389995,0.187809578133188,0.0408816312960833,4.59398444188751,4.34861814758895e-06,1.06116155506436e-05
"YEL053C",481.325029292005,-0.239300578043789,0.0557225652340151,-4.29450038846581,1.75087174909617e-05,4.03492353836936e-05
"YEL053W-A",4.76311271301927,-0.410465789636426,0.238103179722534,-1.72389881611304,0.0847261110988737,0.118612129644188
"YEL054C",2044.48228221128,-0.471238697952334,0.0515352134991505,-9.144013693862,6.01764584964174e-20,3.96887687437061e-19
"YEL055C",793.466380858694,-0.634920806954774,0.0756168038019331,-8.39655704858742,4.59760410062235e-17,2.5281309838674e-16
"YEL056W",778.644137218808,0.0287019853668456,0.0295440422718668,0.971498250060959,0.331300224123256,0.401581284222089
"YEL057C",44.966836927503,0.421405509786726,0.104136970302227,4.04664653257838,5.19566054007211e-05,0.000113824677882663
"YEL058W",2682.48075067348,0.44344320373,0.0712853045075857,6.22068190341828,4.94998811479273e-10,1.69576535068024e-09
"YEL059C-A",101.071737076136,0.443189957826347,0.0972380583357353,4.55778288266657,5.16964369044944e-06,1.25527634827398e-05
"YEL059W",58.2641651152925,0.400331929962077,0.131309252114089,3.04877168605183,0.00229779038084222,0.0041475990631891
"YEL060C",4962.92801638375,0.0920696490253776,0.0769626231900326,1.19629042266456,0.231583244893156,0.292304796627527
"YEL061C",354.202924947998,-0.00801175536547671,0.0600297006559207,-0.133463190353033,0.893827073635669,0.921144035886107
"YEL062W",237.219557834439,0.0978373415067625,0.0473377275969857,2.06679421411417,0.0387535489141715,0.0578779120669965
"YEL063C",942.525953415576,0.173164646156277,0.0333428278889482,5.19346009681662,2.06421201154754e-07,5.68443331762832e-07
"YEL064C",229.434430735281,0.224383879132074,0.0483055072565173,4.64509932460756,3.39912877866021e-06,8.37485919355429e-06
"YEL065W",814.348176335914,-1.37209871279358,0.0713027011084924,-19.243292210008,1.60671817984847e-82,5.36534677629983e-81
"YEL066W",329.700036998642,1.3904839871661,0.0756953823636813,18.3694690976718,2.30656934226343e-75,7.21222295701369e-74
"YEL067C",93.9153101897514,0.47802431734915,0.0911070060848963,5.24684475860958,1.54726168229631e-07,4.29982536830823e-07
"YEL068C",196.871605424344,0.395719280896896,0.0635475744489383,6.2271343057297,4.75043877847767e-10,1.62902633884087e-09
"YEL069C",47.4628806373772,-0.864223122460166,0.0909530946883604,-9.50185505420481,2.06184034080594e-21,1.47743746920875e-20
"YEL070W",148.241876977418,0.332796896865266,0.144238350427972,2.30727054127989,0.0210397427102547,0.0328713127648971
"YEL071W",3621.82061531828,1.07208276088505,0.0433404929309848,24.7362844394094,4.35538679781615e-135,2.25268464527649e-133
"YEL072W",133.15776961998,0.532857000796956,0.0589971950434197,9.03190398127898,1.68710425181862e-19,1.07620428486218e-18
"YEL073C",74.1554454613033,-0.495660658697025,0.11489038737525,-4.31420478266924,1.60178419873956e-05,3.70874234369889e-05
"YEL074W",21.5797233351646,-0.0686659759133292,0.12817278256264,-0.535729774609294,0.592145322602892,0.660510406062152
"YEL075C",8.16153545031077,-0.151380197616183,0.179084259833114,-0.845301523189434,0.397942510839409,0.471567016720809
"YEL075W-A",10.2324375734603,-0.372400915144099,0.159088374897366,-2.34084304013005,0.0192402539843128,0.0302661118586983
"YEL076C",5.30429688908167,-0.273979439471001,0.24274261613521,-1.12868289809644,0.25903162620866,0.322862575953864
"YEL076C-A",13.6528400397098,-0.394765729783791,0.169744940218559,-2.32564063043943,0.020037730141019,0.0314343319589669
"YEL077C",995.306794851428,0.581023219575466,0.0790255309413649,7.3523481924667,1.94754669446285e-13,8.56049438415971e-13
"YEL077W-A",0,NA,NA,NA,NA,NA
"YER001W",648.29620561397,-2.41893506003413,0.0477081054399568,-50.7028111413582,0,0
"YER002W",997.539318816997,-0.487224894443975,0.0683609879592749,-7.12723600095178,1.02404427969273e-12,4.24873377563708e-12
"YER003C",1342.05716019937,-0.104761975398174,0.0319862018278915,-3.27522398445016,0.00105578228646638,0.0019838094369304
"YER004W",1806.01518953027,0.682056034456148,0.0651858295367177,10.463256190856,1.27400673317486e-25,1.15162842542837e-24
"YER005W",578.28712553495,-0.308257995505609,0.0408252666025246,-7.55066705397942,4.33034562116396e-14,1.98854789906455e-13
"YER006C-A",10.1105640464608,-0.559368373626179,0.219465068276442,-2.54878089720223,0.0108100191946794,0.0176548247958689
"YER006W",1262.32888608869,-0.714529463733427,0.0887381822712445,-8.05210840976365,8.13797728804252e-16,4.16216697133416e-15
"YER007C-A",963.644956738905,-0.0727916107115296,0.0342077278603249,-2.12792884136439,0.0333429838850603,0.0503548597465048
"YER007W",88.7004820299331,-0.116646567335386,0.0864051935054234,-1.34999486261279,0.177017630783028,0.230582140154601
"YER008C",1141.1190488079,0.127915023815407,0.0373311094626927,3.42649939036076,0.00061141513430249,0.00118710830055513
"YER009W",2701.33589709315,-0.169390742270944,0.0486130571343233,-3.48447006331856,0.000493112621804231,0.00096945462286119
"YER010C",595.051494623897,0.467217880937089,0.0527382133733813,8.85919053854238,8.05975124494713e-19,4.9414464183593e-18
"YER011W",1496.05461624486,-4.20959103018786,0.0981761900288253,-42.8779221209531,0,0
"YER012W",1931.88898244446,0.101182026752299,0.034116303172699,2.96579691650966,0.0030189977118048,0.0053607860762791
"YER013W",438.135604512948,0.223125230171944,0.0436586753200846,5.11067338933432,3.21012537304011e-07,8.6802092929021e-07
"YER014C-A",0,NA,NA,NA,NA,NA
"YER014W",332.186872215768,0.201571066144928,0.0432030633970935,4.66566604993312,3.07618959206478e-06,7.59551622534587e-06
"YER015W",241.373614191225,-0.530436685964305,0.0732721929092058,-7.23926314886725,4.51128968297981e-13,1.91681048358358e-12
"YER016W",953.809818804631,0.161745038957012,0.0520700418015969,3.10629746704087,0.00189446034596763,0.00345401344286014
"YER017C",1266.55341698085,0.0937174122182296,0.0283816512578602,3.30204227255012,0.000959836035198244,0.00181443036167319
"YER018C",805.968571223606,0.330000202423308,0.110825129202301,2.97766584887912,0.00290452454466396,0.00517086551313235
"YER019C-A",2453.32632690925,0.273766726526661,0.0698265638652612,3.92066731301467,8.83041015700337e-05,0.000188179651394133
"YER019W",1415.06220457681,0.104094704734766,0.074918158349912,1.38944559006085,0.164697295241956,0.216008838423363
"YER020W",1644.41393615316,-0.300813677427303,0.0843272032263002,-3.56721989960986,0.000360788702875843,0.000720425395379659
"YER021W",2028.53047251126,0.0532732262087253,0.0388243176848256,1.37216129955446,0.170013230072203,0.222342397275035
"YER022W",551.760609722704,0.0954145971926947,0.040496881221343,2.35609741577849,0.0184680738262094,0.029111338187556
"YER023C-A",0,NA,NA,NA,NA,NA
"YER023W",2348.85679205023,0.0505132546187101,0.0843014802459433,0.59919771837151,0.549041044106713,0.620784573045707
"YER024W",428.905590319753,0.649230807594398,0.0873349166736626,7.4338057711823,1.05516874440821e-13,4.72866826891471e-13
"YER025W",2835.34780790679,-0.565391318006008,0.0666521615337641,-8.4827154138069,2.19998289583329e-17,1.23338894380091e-16
"YER026C",1897.25767301899,-0.0803943675198708,0.0507002102683637,-1.58568114598207,0.112811658214102,0.15351076616857
"YER027C",920.111509628443,-0.127653637853527,0.0561139060654271,-2.27490201278603,0.022911808584902,0.0355664267846958
"YER028C",548.044713313671,-0.453085341750796,0.0865962797373744,-5.23215712181741,1.67543240015945e-07,4.64917284416978e-07
"YER029C",593.038137032884,0.195573049407251,0.0488220284465364,4.00583621021436,6.17984624078553e-05,0.000134358920007471
"YER030W",950.170391660567,0.426148051688848,0.0463150539930612,9.20106995346896,3.5440304451975e-20,2.3807993586439e-19
"YER031C",1940.10724807407,0.00814471628716098,0.0446811683359882,0.182285212998803,0.85535890259118,0.891247181297293
"YER032W",276.397524150925,-0.0094462354591444,0.0673750448964064,-0.140203772385883,0.888498991414258,0.917715399690493
"YER033C",335.089025367903,-0.0177733030755417,0.0496214200313144,-0.358178042150458,0.720210078467265,0.776296635815781
"YER034W",254.203165522606,0.242995067787442,0.0531090673224392,4.57539700918026,4.7531775340971e-06,1.15741976131164e-05
"YER035W",554.05543521363,-0.0363913568570729,0.050812150528231,-0.716193990586051,0.473871573214312,0.547031809387691
"YER036C",4243.69179251498,-0.492189238557155,0.0486473136150995,-10.1175008850722,4.62062910112496e-24,3.84810019208699e-23
"YER037W",404.615290318185,-1.85487875742768,0.0632605571518834,-29.3212523085162,5.5589007428551e-189,3.9832998135521e-187
"YER038C",103.17379369657,-0.750543795955871,0.0771526951077852,-9.72803082131264,2.28982641060466e-22,1.72905772541706e-21
"YER038W-A",0.408212284093744,1.15065664593643,0.808274764471843,1.42359590638502,0.154563481544854,0.204038032920179
"YER039C",81.9773259017742,0.650514088875227,0.0821062045287913,7.92283716691737,2.3215151068534e-15,1.14150839314114e-14
"YER039C-A",46.8501899467585,0.418326657586788,0.108335130186145,3.86141279258174,0.000112733251070684,0.000237298664049949
"YER040W",471.565112870926,0.13455148450185,0.0662105677367399,2.0321753626527,0.0421359061402091,0.0625356846469252
"YER041W",332.58626087707,0.294212980244508,0.0371843394631765,7.91228201151365,2.52713121290212e-15,1.23906882491473e-14
"YER042W",511.149792069931,1.28995132328296,0.0492145523274237,26.2107702352129,2.00310562475189e-151,1.1579297136696e-149
"YER043C",8022.61702059871,-0.494568590061248,0.0785045506216922,-6.29987161437989,2.97892281277377e-10,1.03390565232446e-09
"YER044C",724.740267889857,-0.714865228286139,0.0476111352523579,-15.0146646261861,5.88588131588592e-51,1.23066801130636e-49
"YER044C-A",17.8094135492027,-0.264657165311575,0.128098414114787,-2.06604560361239,0.0388241737544391,0.0579582229289901
"YER045C",601.747753650539,-0.146537961914067,0.0421027332588106,-3.48048572080297,0.000500505502442894,0.000983707814658476
"YER046W",268.058959079213,0.347873691075931,0.0606657882556359,5.73426474918692,9.79362524243836e-09,3.00090637161396e-08
"YER046W-A",2.72276293619972,0.554245656947639,0.427420093890004,1.29672344578698,0.194726359233676,0.251082029084997
"YER047C",586.065892429032,0.684682172836449,0.0388125659352299,17.6407345491932,1.19892300338977e-69,3.45079135578169e-68
"YER048C",1609.21254655648,0.352002478581415,0.0355325813370256,9.90647077516494,3.90186132218466e-23,3.07808532515003e-22
"YER048W-A",411.561307020283,0.18435451952349,0.0506635660401556,3.63879872524906,0.000273912770504348,0.000554516170776755
"YER049W",1004.09733167983,-0.608292955763025,0.07760018363739,-7.83880819928797,4.54842671912749e-15,2.19261579543644e-14
"YER050C",536.210751720149,0.000284120714109563,0.040348000666178,0.00704175447155996,0.994381539259335,0.997631190572005
"YER051W",246.984521057809,-0.0204263399272847,0.0461564775437057,-0.442545467381971,0.65809453628702,0.72040616090363
"YER052C",1610.65019634759,-0.581752252752353,0.057758740955267,-10.0721075828663,7.33883316071929e-24,6.06776842699375e-23
"YER053C",1520.93833343811,-1.35096411693642,0.0628611728451342,-21.4912330742648,1.88050436016446e-102,7.69999374617341e-101
"YER053C-A",4.34019403944725,-0.102262423751286,0.24701272606109,-0.413996579779438,0.678876611651901,0.739106021208149
"YER054C",423.004134205364,0.248631064775037,0.114953468082223,2.16288441682506,0.0305500706164308,0.0464942335775281
"YER055C",2970.39974055724,-0.908980164364775,0.0644329382674463,-14.1073834098921,3.42035084383155e-45,6.2742915879246e-44
"YER056C",2294.19902366544,-1.27534161287238,0.06235963313676,-20.4513969810478,5.83792327946958e-93,2.17076076970115e-91
"YER056C-A",4603.46023618986,-0.25327638886232,0.0513995990154275,-4.92759464497572,8.32481012467228e-07,2.16410461848365e-06
"YER057C",1808.08613572001,0.054130004887662,0.0727363533941057,0.744194647680104,0.456758725616507,0.530213174741133
"YER058W",302.804563930774,0.274483729364832,0.0699383370823752,3.9246533563064,8.68547148965842e-05,0.000185320590500497
"YER059W",697.919417812638,0.122183124544569,0.0326718408984971,3.73970738055929,0.000184234599352656,0.000379787176789607
"YER060W",550.095350437858,-0.175583872184932,0.0456272409826819,-3.84822462203175,0.000118976938788732,0.000249753543462828
"YER060W-A",245.594148326327,-0.858797171339185,0.0668421414184314,-12.8481397081987,8.81035223756922e-38,1.28131951463507e-36
"YER061C",378.857547885723,-0.295539580855598,0.11218172678847,-2.6344716676796,0.00842683362864781,0.014025692845746
"YER062C",1401.21768754751,-0.343748058046486,0.102058948179205,-3.36813247813314,0.000756792218591542,0.0014489211443616
"YER063W",1110.2562764497,0.500202106630001,0.0617858763555557,8.09573540320957,5.69194257880428e-16,2.9461905944014e-15
"YER064C",1564.00069325063,-0.718835469186789,0.0711918591541517,-10.0971582667942,5.68661672226183e-24,4.7187257457707e-23
"YER065C",854.703691725771,0.308936596284223,0.0734657205353925,4.20518023961109,2.60874176390354e-05,5.88957485851409e-05
"YER066C-A",208.761970336647,-0.85232110207012,0.125531801702919,-6.78968269799238,1.12380434403815e-11,4.33332403735339e-11
"YER066W",268.845357390807,0.0957636331222296,0.0557221201084283,1.71859277672647,0.0856885478603096,0.119807219660787
"YER067C-A",51.1794168127318,-2.36637386258557,0.259251556371602,-9.12771323615002,6.99614102171404e-20,4.59660497501155e-19
"YER067W",0,NA,NA,NA,NA,NA
"YER068C-A",2.0489160506033,1.1484666656848,0.400100451661673,2.87044581158321,0.00409893445338168,0.00712934768768965
"YER068W",877.498193380243,0.0368006658724692,0.0368555507260888,0.998510811735592,0.318031724403329,0.387897204285549
"YER069W",488.397924810525,0.559565947668315,0.101173306706864,5.53076662097821,3.18834283048953e-08,9.42932516377363e-08
"YER070W",782.735279164798,-0.783434602770026,0.0908098392141235,-8.62719953641521,6.28724323743406e-18,3.6559548799923e-17
"YER071C",143.405926745655,0.120131830104715,0.0722804454558337,1.66202393119063,0.0965079762411485,0.133523404779336
"YER072W",2564.75186027086,-1.05767891105719,0.0526957912953274,-20.0714114933687,1.31224412366004e-89,4.72613996160073e-88
"YER073W",3382.29724693701,-0.628800220196065,0.0687438362100728,-9.14700509693012,5.85337562220991e-20,3.86795109559866e-19
"YER074W",11298.563742592,-0.214026582516695,0.0682655542215155,-3.13520610734658,0.0017173340765804,0.00314357134454405
"YER074W-A",512.485802556683,0.401060452169313,0.0476283773585879,8.42061968959767,3.74498103731996e-17,2.07087817972058e-16
"YER075C",209.930317683983,-0.51791081327889,0.0939918524904482,-5.51016710019118,3.58493208107099e-08,1.05523097071833e-07
"YER076C",293.271832585086,0.0277663584618252,0.0752142591397133,0.36916349079831,0.712005866985799,0.768899271427835
"YER076W-A",23.1591912260729,-0.169255409679505,0.121927775194964,-1.38816122420723,0.16508795681213,0.216477326517468
"YER077C",373.24482079063,-0.204312427144318,0.050183187398872,-4.07133220774476,4.67450279322275e-05,0.000102898895086654
"YER078C",594.260339051931,0.21937630431816,0.0303817382277768,7.22066336933919,5.1734575975499e-13,2.18735186315586e-12
"YER078W-A",5.16983681549126,0.708131086461386,0.268156485765541,2.64073824073205,0.00827256068904726,0.0137889374799991
"YER079C-A",0.732149850946714,-0.312613299448492,0.629338225581074,-0.496733372837561,0.619377085116737,0.686589601430429
"YER079W",716.532382897342,0.621069338731245,0.0634037778721794,9.79546266128349,1.17757070443814e-22,9.07111856195961e-22
"YER080W",1034.61476607534,0.333134535975299,0.0526663381770364,6.32537874297386,2.52612208981364e-10,8.82091058671475e-10
"YER081W",4537.13877760438,3.16556529454808,0.0511364752941416,61.9042528124878,0,0
"YER082C",511.581290032242,-0.825069919915267,0.102989288650807,-8.01122068832546,1.1357543142867e-15,5.73630978559342e-15
"YER083C",1033.79663455904,0.292986504979456,0.0472684009588466,6.19835871398611,5.70549890714894e-10,1.94201518962284e-09
"YER084W",47.9577494480789,1.14585559240347,0.105645436220691,10.8462384499961,2.07802228786683e-27,2.0567935709692e-26
"YER084W-A",1.33722504631391,1.17783722184111,0.490548142462324,2.40106346326971,0.0163475010708973,0.0260130603439053
"YER085C",0.125190079051921,0.141516504320296,1.37325632001335,0.10305177719402,0.9179218774008,0.939640564678587
"YER086W",2435.21776630275,-0.260331005916691,0.0444186235351626,-5.86085261535869,4.60496565065929e-09,1.4530990234351e-08
"YER087C-A",16.23855302421,0.00662542307342516,0.146051843788866,0.0453635017645033,0.963817572395319,0.973190190557218
"YER087C-B",779.602495082488,0.0991525477094618,0.0588691958575176,1.68428575021549,0.0921264579643834,0.127847065631832
"YER087W",161.969497589161,-0.21519951175336,0.0472528924556044,-4.5542082308622,5.25832505232352e-06,1.27500944782987e-05
"YER088C",4184.2799068797,0.322174457880104,0.0640308324053352,5.03155192237138,4.86525302556784e-07,1.29070866035022e-06
"YER088C-A",98.2242794822942,0.0295184233444768,0.0662552382879347,0.445525880024677,0.655939761368176,0.718504716313962
"YER088W-B",0,NA,NA,NA,NA,NA
"YER089C",1650.0856458335,-0.082031863877912,0.0676066168779352,-1.21337034252168,0.224988259921766,0.284974082121493
"YER090C-A",0,NA,NA,NA,NA,NA
"YER090W",1770.88833730706,0.159862707976385,0.0494191341664467,3.2348342534282,0.00121713363554742,0.00227579839057643
"YER091C",4995.27025922997,1.11113405248582,0.173968418615724,6.38698714012102,1.69185859694037e-10,6.02084598466262e-10
"YER091C-A",1.78990121558549,1.51593930450412,0.443359061399766,3.41921353703255,0.000628024205604973,0.00121660898630149
"YER092W",491.710185999949,0.661184194775655,0.0766438663251681,8.62670721712453,6.31435454711147e-18,3.66861865959289e-17
"YER093C",522.878100333843,-0.0600110291843629,0.0511046256846054,-1.17427783454914,0.240283758556848,0.301736395602876
"YER093C-A",190.058847670638,0.311303962974548,0.0666358045589161,4.67172213249574,2.98684846988953e-06,7.38287122686671e-06
"YER094C",2967.55756501093,0.11269741871905,0.0603568904140936,1.86718397760159,0.0618759003019717,0.0888380964927878
"YER095W",1163.71827994395,0.488691022397869,0.0886431009627932,5.51301812650925,3.52731887495682e-08,1.03998340825598e-07
"YER096W",44.9799750414347,0.350296467364356,0.0908387150985994,3.85624639212622,0.000115141434434934,0.000242145499076097
"YER097W",9.66575428086079,-0.044472161997243,0.209202003130476,-0.212580000821055,0.831654571938178,0.871848090024257
"YER098W",515.356567426487,0.243744763803429,0.0400198514138625,6.09059642132999,1.12490806808234e-09,3.72388960555265e-09
"YER099C",736.064962839474,-0.17045706412919,0.0606948562596177,-2.80842685251732,0.00497841907432552,0.00856591916265265
"YER100W",811.406492563663,-0.136659813324554,0.0359485762106933,-3.80153618667942,0.000143801731192915,0.000299579681670522
"YER101C",185.849469693349,0.0537928923621569,0.0431688812774304,1.24610346088077,0.212726414421329,0.271593356496718
"YER102W",13372.2683503334,-0.322566216255892,0.0469155331184762,-6.87546735196022,6.17869569375859e-12,2.42875701013516e-11
"YER103W",487.07517997514,-0.296367802551927,0.0559347327178221,-5.29845747269473,1.1678506919758e-07,3.27770090171422e-07
"YER104W",121.44692591718,0.18193099812862,0.0641422213570485,2.83636884223107,0.00456297156330705,0.00788565420491486
"YER105C",922.087459897703,-0.31816343245308,0.0445455348474083,-7.1424315263686,9.16941980783967e-13,3.82513273851602e-12
"YER106W",5.18685035130291,0.18141169578126,0.228056810136535,0.795467128004863,0.426341825180624,0.499541034818177
"YER107C",868.248384482744,-0.186252460792457,0.0416689630050807,-4.46981271815541,7.82881176589898e-06,1.86411893865071e-05
"YER107W-A",47.0847855911483,-0.67317941221188,0.0912258684292322,-7.37926011341941,1.59171590613996e-13,7.04142361307831e-13
"YER109C",491.858812104759,0.23170685650632,0.0486462613520323,4.76309689720153,1.90644237766505e-06,4.81086467936827e-06
"YER110C",1906.0275196214,-0.809699795363575,0.0704177665159137,-11.4985157216054,1.34203367987056e-30,1.51590306795232e-29
"YER111C",327.4924354604,0.528892771114631,0.0739802304526926,7.1491095374843,8.73426152384056e-13,3.65024210343251e-12
"YER112W",822.307526662694,-0.0137706768859512,0.0632993442150912,-0.217548492116417,0.827780920512631,0.868563903631236
"YER113C",500.460583638584,-0.0269297785406157,0.0340256577255425,-0.791455047183406,0.428678498279208,0.502022368005222
"YER114C",882.321583986704,0.00024411893549083,0.0547005793874535,0.0044628217511499,0.996439195247106,0.997939522276479
"YER115C",333.636919900367,0.0223895863365617,0.0580260205843769,0.385854244545419,0.69960461889864,0.758483872876871
"YER116C",382.548185200341,0.0928241218817127,0.0585738701434945,1.58473602058925,0.11302632418299,0.153718482414944
"YER117W",9674.16624569677,-0.238490054213628,0.0463194355604128,-5.14881175316945,2.6214180371616e-07,7.15584709429947e-07
"YER118C",754.43757370761,0.0858448112573716,0.0363709940344287,2.36025474519919,0.0182623894376537,0.0288399855237878
"YER119C",880.241457776132,0.408706922984369,0.0879904418543716,4.644901359409,3.40238980222068e-06,8.37989239150592e-06
"YER119C-A",12.6563897673328,-0.0352469512536796,0.151827647164949,-0.232151073350866,0.816420677450947,0.858328197506052
"YER120W",2043.01396468531,0.0764323558819144,0.0296288488492616,2.5796599885054,0.00988976358633931,0.016279417016135
"YER121W",112.269076357918,0.245702949986821,0.110860567962132,2.21632411328389,0.026669312744906,0.0409779321805245
"YER122C",1784.07178474088,-0.32989610653361,0.0333352449185107,-9.89631566649815,4.31893619286796e-23,3.39542423665585e-22
"YER123W",482.67210032032,-0.255123431077569,0.0330967171132447,-7.70842105592017,1.27383877847434e-14,6.00598831879713e-14
"YER124C",736.052349829236,-1.84974208186893,0.0489905056434536,-37.7571543215151,0,0
"YER125W",1736.05364971406,-0.190852335464845,0.0359752353017215,-5.30510318735046,1.1260927740331e-07,3.16696328396309e-07
"YER126C",697.979877437211,-0.785593523418634,0.0928941189869357,-8.45687038088081,2.74648912976433e-17,1.52980556466792e-16
"YER127W",258.15027681722,-1.17783054399762,0.113815996580721,-10.3485501105487,4.24871119826172e-25,3.76150377514059e-24
"YER128W",73.9721675566834,-0.0135237667916438,0.0785675212585733,-0.172129228146778,0.863335934950126,0.898198411452195
"YER129W",927.99814664758,-0.133895954772807,0.0387262938114316,-3.45749467854532,0.000545223010054149,0.00106641714135982
"YER130C",539.764850135305,-0.562197395520633,0.0382159625587378,-14.7110620243187,5.47414986875159e-49,1.08834326436827e-47
"YER131W",7480.79564096965,-0.604609760442465,0.037396570822579,-16.167518762908,8.54719912902863e-59,2.07028812706296e-57
"YER132C",389.177384484954,-0.264192430194723,0.0587181596519463,-4.49933090138948,6.81676787927145e-06,1.63047796389111e-05
"YER133W",2088.85589601178,-0.0217092907878775,0.0550319996631745,-0.394484861912162,0.69322310143609,0.752870494912988
"YER133W-A",42.5357100027504,0.0950755595047863,0.113078096907407,0.840795539587463,0.4004624863724,0.474063232448071
"YER134C",185.670477705072,-0.160371048941368,0.0742503222708232,-2.1598700724345,0.0307827291545104,0.0468275970486239
"YER135C",9.68468459350382,0.383565156783713,0.184319603904652,2.08097862982676,0.0374358621455292,0.0560560069001078
"YER136W",2616.65481488818,0.168615012786921,0.0317694015320097,5.30746582106781,1.11159840873965e-07,3.12747871317792e-07
"YER137C",24.340880866941,0.476790123885927,0.124041130524289,3.84380666211814,0.000121140455521372,0.000254062559003512
"YER137C-A",0,NA,NA,NA,NA,NA
"YER137W-A",0.632370977913825,1.84228550016876,0.605900274420129,3.04057545102104,0.00236126520844092,0.00425435918514015
"YER138C",1579.97429640316,-2.48259237263665,0.0468247910472696,-53.0187603000829,0,0
"YER138W-A",29.1398382059256,-1.02309905752313,0.127529059051252,-8.02247789746462,1.03633051260109e-15,5.24957113120981e-15
"YER139C",130.409283555703,0.120627222095938,0.0656807650485032,1.83656846881821,0.0662736256971795,0.0946235515091112
"YER140W",351.524692917011,0.0710322860988391,0.0416262551643139,1.7064298918663,0.0879280691105973,0.122589620472598
"YER141W",1310.0011261288,-0.198419342619456,0.0377958628406427,-5.24976353777249,1.52294577058836e-07,4.23971831480264e-07
"YER142C",376.255774189925,0.441268843753021,0.0743357739470283,5.9361572540762,2.9177995364222e-09,9.34864602284505e-09
"YER143W",914.835616944273,-0.0633702149262829,0.0463164296479685,-1.36820163833726,0.171248968936682,0.223830829814828
"YER144C",972.811579476468,-0.0699028959265003,0.0554169111624585,-1.26140007553967,0.207164741130844,0.265280389843462
"YER145C",3357.49365354278,0.571971481480486,0.0570742679923169,10.0215298697739,1.22590451992534e-23,1.00512481437025e-22
"YER145C-A",16.6582461557458,-0.477193545682962,0.157614303944152,-3.0276030394554,0.00246501660326406,0.00443548239964778
"YER146W",91.0016954428652,0.804573335318594,0.0728417092269391,11.0455032406219,2.30472637285323e-28,2.3698374766603e-27
"YER147C",456.750560454839,0.339639219852606,0.061372898871907,5.53402602933056,3.12962498808891e-08,9.25965173895208e-08
"YER147C-A",102.995890942003,-0.382740424439644,0.0829327042375969,-4.61507228008769,3.92958532238746e-06,9.62321731317314e-06
"YER148W",586.520848581446,-0.069579856178864,0.0606189274907371,-1.14782393979993,0.251041252368729,0.313755954768258
"YER148W-A",2.39438259548834,-0.131547940820744,0.4000166566247,-0.328856157967851,0.742264413658464,0.795704675324384
"YER149C",87.0733821484205,-0.381227864477456,0.0812792846288971,-4.69034473197022,2.72745133308458e-06,6.76356803182726e-06
"YER150W",822.579600037694,-1.38730812158474,0.192050865464876,-7.22364941301689,5.06106346662468e-13,2.1437842110167e-12
"YER151C",898.467921128376,-0.283058377114059,0.0556213548029751,-5.08902341765537,3.59912171208193e-07,9.66368394122233e-07
"YER152C",1099.6008995944,0.455190874448125,0.074875983567539,6.07926404115329,1.20735405886906e-09,3.97958244895077e-09
"YER152W-A",0.525974823152471,-1.00482235360349,0.878955621664895,-1.14320032642852,0.252955426786635,0.315976099666836
"YER153C",158.139868249385,-0.197741544209931,0.0914124207697175,-2.16318026089773,0.0305273178498646,0.0464698870301435
"YER154W",996.474420347649,-0.00912513392478416,0.04005713756037,-0.227802945505822,0.819799436716269,0.860977148881102
"YER155C",1603.82874666488,-0.00378031443629123,0.0480057482540732,-0.0787471203715793,0.937233765184969,0.953250786207732
"YER156C",1511.22921001969,-0.616473013533038,0.0599790923144056,-10.2781317580055,8.84249736362113e-25,7.70944732121036e-24
"YER157W",338.515060292638,-0.0464752999069091,0.0683434478598813,-0.680025684425424,0.496488198035306,0.569508473284121
"YER158C",380.42118708721,-0.0239265324954048,0.0618606365081035,-0.386781220595273,0.698918181075231,0.757978585466895
"YER158W-A",37.504498115088,-0.172351093059248,0.0982251809871938,-1.75465284285623,0.0793187068129683,0.111535851219626
"YER159C",557.217741559924,-0.450287960073914,0.073817109232844,-6.10004868456112,1.06036164107908e-09,3.51698540452412e-09
"YER159C-A",0,NA,NA,NA,NA,NA
"YER160C",1359.69437984419,-2.25980151567727,0.0523056223195066,-43.2037975167062,0,0
"YER161C",871.386916293008,-0.00881383877225654,0.0354545646900492,-0.248595317677959,0.803673830772344,0.848315525837495
"YER162C",654.427074220258,0.357510907847587,0.036084120461338,9.90770741469612,3.85387757014428e-23,3.04372259529535e-22
"YER163C",730.152315971973,0.3388198255508,0.0816194907560558,4.15121219713884,3.30718957509567e-05,7.37683433433305e-05
"YER164W",1111.43540492258,0.0879378497336411,0.051063043348738,1.72214274682111,0.085043663175946,0.119002310615812
"YER165C-A",3.47217162271469,-0.726275109071275,0.293658177195012,-2.47319899622264,0.013390955577601,0.0216083470369029
"YER165W",5355.88632131377,-0.411245356142239,0.0321789416339389,-12.779952828172,2.12198190043337e-37,3.0474140904136e-36
"YER166W",1566.13876893751,0.0294948196302201,0.0337368495017487,0.874261232623138,0.381976006332714,0.454919139120973
"YER167W",901.835750465951,0.006005100555817,0.0404117383625627,0.148597927214636,0.881870908694299,0.9126508170465
"YER168C",386.720268038165,-0.150113148451508,0.0561387284730992,-2.67396773198096,0.00749596637183028,0.0125767689443465
"YER169W",502.386200320849,-0.454736054766355,0.0468290088459697,-9.71056330194977,2.71830640630818e-22,2.05035414133706e-21
"YER170W",204.260688562509,0.162217562098629,0.05317137043156,3.05084410617983,0.00228199024751204,0.00412232429428448
"YER171W",464.283776027674,-0.450770422176955,0.0712323515894691,-6.32816988515085,2.48085924333905e-10,8.67607053122994e-10
"YER172C",789.606832254768,-0.354416648294682,0.0517878727600571,-6.84362244297542,7.72152662550714e-12,3.01113274698773e-11
"YER172C-A",0,NA,NA,NA,NA,NA
"YER173W",243.700928471194,0.174210816611415,0.0427603386885934,4.07412153304312,4.61883583156437e-05,0.000101716740541977
"YER174C",449.52789851502,-0.332929544230029,0.0472735931627433,-7.04261135987465,1.88669935250693e-12,7.71617410576408e-12
"YER175C",237.13973321002,-0.099308516464435,0.0747183536515887,-1.32910471940415,0.183813423489628,0.238427858048421
"YER175W-A",15.2502166100524,-0.518140905869615,0.208523627025394,-2.48480670157592,0.0129621796869961,0.0209557776890355
"YER176W",898.41961308099,-0.0111202331443649,0.03132131936522,-0.355037187760141,0.722561731866249,0.778099898795856
"YER177W",10092.2971022998,-0.00556247745660577,0.0511036016812386,-0.10884707287956,0.913323786834303,0.936180320099459
"YER178W",5172.50399609714,0.2672161443344,0.0478495123244212,5.58451134303451,2.34358222345341e-08,6.97598533757509e-08
"YER179W",162.677699507922,0.175146929187694,0.0683308739742473,2.56321804479925,0.0103706896029486,0.0169938003284143
"YER180C",252.497777140404,-0.16799230359744,0.0735428384727153,-2.28427821234784,0.022355185526999,0.0347979849383135
"YER180C-A",60.3282055282905,-0.558684627324488,0.0758916739979136,-7.36160632508708,1.81710194616981e-13,8.00246113169151e-13
"YER181C",3.76234781714601,0.282724251068302,0.27518267852493,1.0274056949507,0.304229470977307,0.373279548957259
"YER182W",400.237983765646,-0.290233440664918,0.0573341150399953,-5.06214215502334,4.14571711752895e-07,1.10622141394421e-06
"YER183C",371.050179355211,0.122386587497732,0.0444382433826239,2.75408247900247,0.00588569335080467,0.0100217040990558
"YER184C",209.109258636661,-0.192812825096753,0.0796016854235135,-2.42222038479348,0.0154259921386878,0.0246493379609834
"YER185W",42.0561333069482,0.0283064726654385,0.103292119260752,0.274042907319787,0.784051648058847,0.830002563556223
"YER186C",435.069922144349,-0.192781163463279,0.0405855594398949,-4.74999399105926,2.03422693002249e-06,5.11830543219631e-06
"YER187W",176.663331586917,0.79035175960681,0.0780964016940932,10.1202071089351,4.49463526740178e-24,3.74928233855596e-23
"YER188C-A",14.9577481707085,0.36326784815849,0.15171242987907,2.39445013469266,0.0166453066461319,0.0264441257318109
"YER188W",167.991266494499,0.176451785495571,0.103939737071355,1.69763548059041,0.089576581938752,0.124584979206768
"YER189W",21.5279772888471,-0.301049456645587,0.113488017934492,-2.652698162544,0.00798512409087164,0.0133454005396273
"YER190C-A",0,NA,NA,NA,NA,NA
"YER190C-B",0,NA,NA,NA,NA,NA
"YER190W",567.00323928921,0.476089224312246,0.0590743037744281,8.05915929420287,7.68209384647414e-16,3.93485655769885e-15
"YFL001W",264.368788804349,-0.253635074234023,0.0617390791145498,-4.10817715248768,3.98794171996653e-05,8.82659301533131e-05
"YFL002C",514.038782887395,-0.0599852772265383,0.0940803767499313,-0.637596056678016,0.523736663263985,0.596061055010437
"YFL002W-A",663.038189240333,-1.39500613971994,0.0401234346299032,-34.7678645307267,7.44495923356771e-265,7.53145214231063e-263
"YFL002W-B",0,NA,NA,NA,NA,NA
"YFL003C",61.2863153443303,0.167253956636303,0.0956933636452937,1.74781144966607,0.0804966820415583,0.113053629188215
"YFL004W",1247.21479038015,-0.733913619875052,0.0716048311351745,-10.2494986475086,1.18958952450974e-24,1.02803848481188e-23
"YFL005W",2059.86511720284,0.0947100399840538,0.0647305619901941,1.46314255696407,0.143428375052958,0.190692654037359
"YFL007W",1431.1253025623,-0.293798535053145,0.0297488835389171,-9.87595163592613,5.29281564625527e-23,4.14212500916837e-22
"YFL008W",598.199223716414,0.494642750165125,0.0853254364895558,5.7971312016162,6.74589153789047e-09,2.09692670082009e-08
"YFL009W",735.555427369089,0.020731243896693,0.0294102151878683,0.704899429135921,0.480872825454014,0.554183978270759
"YFL010C",1536.54787585389,0.145076146136984,0.0965780045890304,1.50216549569779,0.133054373431239,0.177931771934972
"YFL010W-A",165.992854593389,0.455975577300252,0.0727472547182163,6.26794205590927,3.65850861071862e-10,1.2640321814733e-09
"YFL011W",20.3301214966589,0.0692830868794282,0.130370568353182,0.531431961635208,0.595119478028276,0.662804454215224
"YFL012W",8.89342188304718,0.444469264679743,0.191736495281792,2.31812552965733,0.0204424998051206,0.032025496734098
"YFL012W-A",0.551614509488291,-0.32057438524919,0.672792378660053,-0.476483377959264,0.633730046546809,0.698850431259298
"YFL013C",367.994972135164,0.00926936500395666,0.0462351763420494,0.200482959887112,0.841102883507374,0.879590564859718
"YFL013W-A",8.74116022469713,0.550138929132726,0.197820717716436,2.78099753900053,0.00541921479742314,0.0092641099879408
"YFL014W",50.6433808635707,-1.66615991360936,0.191732224322336,-8.6900359055359,3.62324958506003e-18,2.14310695577197e-17
"YFL015C",8.83592696148436,1.88354526875539,0.249571372395307,7.54712069207985,4.44986185319952e-14,2.04206802456034e-13
"YFL015W-A",0.165425693949118,0.00409780719197655,1.18247667970791,0.00346544440351144,0.997234980948445,0.997939522276479
"YFL016C",1301.29936087194,-0.201963879874428,0.0533310322219149,-3.78698614034019,0.000152485602062172,0.000316711490515001
"YFL017C",373.695747235653,0.122572288217588,0.0388643391833392,3.15384979632262,0.00161131995361519,0.0029558053229117
"YFL017W-A",225.299805494538,0.47299800818058,0.0553060596964503,8.5523722134003,1.20584188477857e-17,6.88380607916332e-17
"YFL018C",3137.5889059287,0.0714567924888517,0.0518931153093088,1.37699947407153,0.168512410442515,0.220631304041504
"YFL019C",16.3389414953527,1.00863191171325,0.16270491584891,6.19914835670903,5.67695015669153e-10,1.93491845692003e-09
"YFL020C",31.8621662353825,1.21057976583073,0.105774831561671,11.4448753825234,2.49462686267712e-30,2.7903314127408e-29
"YFL021C-A",46.2538334487145,1.81672291685579,0.129154670216084,14.0662580285815,6.12243394418636e-45,1.11714119634106e-43
"YFL021W",357.29481949065,0.116765981475155,0.0874724988560794,1.33488791336889,0.181913034204782,0.236198520629425
"YFL022C",2393.41132076377,-0.346114303957532,0.0449639217070718,-7.69760044980899,1.38645091442709e-14,6.52352656658272e-14
"YFL023W",282.587736428563,-1.07266052420552,0.131966140508311,-8.12830109355181,4.35348759170204e-16,2.26704323567891e-15
"YFL024C",694.121164068514,0.0688679631680431,0.0411867285318592,1.67209112310951,0.0945063548005701,0.130938411817346
"YFL025C",346.181729908293,-0.259726241331781,0.0482552554531368,-5.38234102985974,7.35233005150643e-08,2.10560692857255e-07
"YFL026W",1921.58340296993,-0.856238778494062,0.0612559733452951,-13.9780454335043,2.1223703717197e-44,3.81195451359264e-43
"YFL027C",306.185885877818,0.0770690371189058,0.0415900008783379,1.85306649414011,0.0638728285435501,0.0914615294652542
"YFL028C",583.357711341186,0.130604863523,0.0367899136319127,3.55001821503896,0.000385204497539644,0.000768064272050787
"YFL029C",665.031915640688,0.201698866639391,0.0699282356393097,2.88436945098622,0.00392198334666925,0.00684406987360166
"YFL030W",282.288849141906,0.676610588311421,0.0864768167396666,7.82418472164994,5.10957346170605e-15,2.4562373055958e-14
"YFL031C-A",116.498766560894,-0.0306506737431676,0.151135047224405,-0.202803216765848,0.839288843569777,0.87809398553863
"YFL031W",2297.34204512477,-0.249061495631201,0.100642561043644,-2.47471341198476,0.0133343127996028,0.0215270447661271
"YFL032W",5.89829259249904,-0.502754572994522,0.276580415971174,-1.81775188683974,0.0691020633389672,0.0982337453417556
"YFL033C",888.463019158751,-0.263905881594751,0.0370235150932952,-7.12806120460841,1.01792515655917e-12,4.22589447916145e-12
"YFL034C-A",483.03890956487,-0.596469570066249,0.0853144597081777,-6.99142410450119,2.72109818149173e-12,1.09849967080291e-11
"YFL034C-B",366.601122643189,0.00262015824747798,0.0370636052984136,0.0706935611466305,0.943641645478158,0.956997033649454
"YFL034W",770.887278129152,0.162351928243071,0.0340872574657912,4.76283339620388,1.90893442014884e-06,4.81538682662408e-06
"YFL036W",1300.52352413321,-0.208603005220171,0.0322119139475041,-6.47595810544299,9.42121873374792e-11,3.41997697464126e-10
"YFL037W",4091.43351819811,-0.0617002805453459,0.0578135752235344,-1.06722824711642,0.285868780072391,0.352860459019914
"YFL038C",5755.67612212242,0.261725777057735,0.0900137117143205,2.90762120651555,0.00364189180598615,0.00638770365460957
"YFL039C",18916.9280771314,0.116779848710146,0.0612641588307322,1.90616913606534,0.0566282651820929,0.081992388168305
"YFL040W",123.870128704535,0.634498800721392,0.0651799370567264,9.73457216089645,2.14719334489713e-22,1.62313659555465e-21
"YFL041W",1045.98050442267,0.415995223634166,0.0458906247823085,9.06492830741625,1.24686221340581e-19,8.04612116887294e-19
"YFL041W-A",78.8369196572625,0.785653875149857,0.0674781103896365,11.6430924134254,2.48826975645892e-31,2.89135264437177e-30
"YFL042C",1168.47347795299,0.334115133383888,0.0708173812359974,4.71798204836827,2.38195506388684e-06,5.95185938411826e-06
"YFL044C",378.275648000377,-0.143566108039278,0.0908023956227257,-1.58108282336272,0.113859101584288,0.154789873477928
"YFL045C",3158.72860194549,-0.363885995341558,0.0357746752200812,-10.1716086338444,2.65487377185925e-24,2.25189601437975e-23
"YFL046W",370.792279791534,0.204687443192387,0.0489746299697702,4.17945869767124,2.92203780786909e-05,6.55386308455542e-05
"YFL047W",401.770988687218,-0.115207004626231,0.0434932573025167,-2.64884747134274,0.00807667745814777,0.0134853068530579
"YFL048C",1065.84330684562,0.157684351197988,0.023032246531397,6.8462427658994,7.58147805912419e-12,2.95819555126009e-11
"YFL049W",639.587028960712,0.373748815921745,0.0409488795374454,9.12720494781727,7.02905673815593e-20,4.61382455169606e-19
"YFL050C",369.966476858137,0.0757707921368062,0.0460042408538026,1.64703928878207,0.0995499705273326,0.137207823533865
"YFL051C",85.1519353922851,-0.141537692808276,0.0855189516285149,-1.65504476040703,0.0979154187349675,0.135334572127354
"YFL052W",163.261412286871,-0.744386773226072,0.085107855796436,-8.74639322375273,2.2028052155016e-18,1.31766061542917e-17
"YFL053W",102.571156366258,-0.947336685393664,0.0944170786949004,-10.0335309934222,1.08563297718402e-23,8.93309718905371e-23
"YFL054C",905.820713825385,1.42486511716226,0.093405611887147,15.254598608955,1.53435639676782e-52,3.34013849790057e-51
"YFL055W",166.657172816739,0.652476502375427,0.0661276079347126,9.86693036015476,5.79096746155363e-23,4.5165606766471e-22
"YFL056C",132.280189258246,0.103874285973551,0.0602595987824642,1.72377991344641,0.084747582090592,0.118612129644188
"YFL057C",174.631313984466,0.345572712505003,0.0537152372212063,6.43342057825958,1.24763800179385e-10,4.48875617904807e-10
"YFL058W",49.6062855837957,2.00427777834149,0.113200112515434,17.7056164857453,3.79502433497399e-70,1.10151782279688e-68
"YFL059W",221.815118087653,1.09279578838643,0.0730481599733655,14.9599358667607,1.34155261141124e-50,2.75478818325312e-49
"YFL060C",122.628930477603,0.980250613350769,0.0629627226699006,15.5687456289018,1.18712459758907e-54,2.66000980678019e-53
"YFL061W",60.5156417251782,0.294270322734657,0.077353105425847,3.80424704495869,0.000142236175211646,0.00029667757710155
"YFL062W",294.226959939988,0.262060397710085,0.0629376794972013,4.1638077508361,3.12983676318147e-05,7.00395155950726e-05
"YFL063W",0.53279972768325,1.16414342326242,0.679243447387054,1.71388244927604,0.0865503169701001,0.120864724002704
"YFL064C",31.2677402150175,-0.127755043026022,0.0992073797418598,-1.28775745673803,0.197830405859894,0.254606615228939
"YFL065C",15.6709338080888,-0.178790854267373,0.14499197650347,-1.23310860765523,0.217535246464986,0.276910614439793
"YFL066C",164.474388092306,0.0933269937726639,0.0891337233995947,1.04704471229447,0.295078956793643,0.363186284448643
"YFL067W",232.042498477594,0.331515826269672,0.151483571761293,2.18846058628769,0.0286360692189129,0.0438086662486261
"YFL068W",391.96074365791,0.81181509535812,0.0456496511094402,17.7835991213138,9.47008027597828e-71,2.78396077856644e-69
"YFR001W",568.461992826891,-0.0774058480873245,0.0969145987225655,-0.798701631205344,0.424463440715638,0.497677729303312
"YFR002W",729.012880643718,-0.171160475984118,0.0511096037706879,-3.34889068504735,0.000811358007838482,0.00154864920530547
"YFR003C",654.240571944548,0.34895485793331,0.0563071840181077,6.19734167173216,5.74247554659968e-10,1.95363448491885e-09
"YFR004W",2571.47222333971,0.119550767272767,0.0425270165312548,2.81117221531175,0.00493613575724358,0.00849741688540506
"YFR005C",315.521174828896,-0.254310500833952,0.0639361362650188,-3.97757067739941,6.96229318868866e-05,0.000150608851713803
"YFR006W",1045.22997390393,0.193654287478793,0.0314324043147073,6.16097596416387,7.22979657331109e-10,2.43078057809418e-09
"YFR007W",214.57322149123,-0.23927215634071,0.0442555664211098,-5.40660024693702,6.42322833172576e-08,1.84953485533451e-07
"YFR008W",158.189666764505,0.0769687012271022,0.0487061359610379,1.58026703840093,0.114045725018045,0.154982327617371
"YFR009W",1702.74958801173,-0.291161380392706,0.0415572766091427,-7.00626711252416,2.4476043167347e-12,9.90998828417777e-12
"YFR009W-A",0,NA,NA,NA,NA,NA
"YFR010W",1516.699957561,0.094771526875734,0.0448456606210587,2.1132819890099,0.0345766393663292,0.0521035492225583
"YFR010W-A",4.85870020182208,1.04403472415597,0.252030784353484,4.14248889013361,3.43557015835005e-05,7.65078896707348e-05
"YFR011C",239.98746871624,0.145470568809202,0.0433173594117288,3.35825107496774,0.000784373323542431,0.00149963982563879
"YFR012W",17.059053071591,0.951795310917731,0.137937290596186,6.90020303287044,5.19282678291016e-12,2.05177802640086e-11
"YFR012W-A",7.69826774949804,1.41726342218248,0.229325210284411,6.18014661547579,6.40420972590442e-10,2.1659075075957e-09
"YFR013W",891.648828653434,0.097002419734566,0.0388065573203326,2.49963991739463,0.0124319596069796,0.0201554207250559
"YFR014C",1399.43851719991,0.00951247975967977,0.0460617889086469,0.206515638776983,0.836388150049648,0.875725126969792
"YFR015C",5143.30407595477,-2.95046271786131,0.0890316925101617,-33.1394656742548,8.03245400146031e-241,7.46692582108723e-239
"YFR016C",1243.88066757772,0.0962732910945411,0.0505741513316573,1.90360665596138,0.0569614313197491,0.0824227358116437
"YFR017C",1450.92594866391,-0.0611800984610736,0.114093472024166,-0.536227861030602,0.59180108036408,0.660340572883132
"YFR018C",1238.94816680666,0.227941637624659,0.0753620985872267,3.02461903128708,0.00248946489567225,0.00447713176923644
"YFR019W",575.037359607581,-0.0667745296997863,0.0429432113984049,-1.55494960729152,0.119958071429363,0.162088307476446
"YFR020W",430.338273449458,0.246101565775657,0.0459930578231307,5.3508415709618,8.75461413376644e-08,2.48649837432615e-07
"YFR021W",512.410996872194,-0.0733655920490382,0.0535061511998874,-1.37116182726282,0.170324514917138,0.222675512617793
"YFR022W",363.112538184226,0.0209882486089842,0.0380943524821821,0.550954334210065,0.581664979325585,0.651991753752761
"YFR023W",10.531013305629,0.642928412872369,0.166257841051491,3.86705618698158,0.000110157054672766,0.00023216004261457
"YFR024C-A",2036.92675918738,0.430318209085684,0.043493956130207,9.89374725530712,4.43123419954319e-23,3.4797328834084e-22
"YFR025C",695.4718868453,0.446748199450823,0.0521294171695043,8.5699826260895,1.03500654521979e-17,5.92823482478514e-17
"YFR026C",71.6100540391357,0.848423598509023,0.07340880851699,11.5575176283192,6.76358043175455e-31,7.74154239434935e-30
"YFR027W",191.684726509763,0.873939667469227,0.0583176936070836,14.9858407185546,9.08684018107922e-51,1.88847050168109e-49
"YFR028C",684.282659787735,0.0270315980048882,0.042797897121316,0.631610425350192,0.527641472525568,0.599743174075245
"YFR029W",409.797151315078,0.355283279595031,0.0731885791179448,4.85435410656744,1.20779749305461e-06,3.09208744128124e-06
"YFR030W",727.645019538121,1.09866524976837,0.0465295671949794,23.6121957714431,2.88848322319138e-123,1.36095041728312e-121
"YFR031C",652.328646685999,0.277158501864133,0.0613187022275218,4.51996685832883,6.18493128647028e-06,1.48762735383318e-05
"YFR031C-A",15639.8026679242,-0.338718933415364,0.0645572773560966,-5.246797065914,1.54766210378415e-07,4.29982536830823e-07
"YFR032C",59.7529982918187,-0.564660481646238,0.223591473892601,-2.52541150973164,0.0115562881032147,0.0188035418377425
"YFR032C-A",7614.49941061066,-0.0569565697695243,0.0986929504348775,-0.57710879569972,0.563865962933391,0.634729824745344
"YFR032C-B",17.07709917279,0.284963420112167,0.150870435286574,1.88879563826331,0.0589192174684997,0.0849518543210667
"YFR033C",1379.15930852284,0.451402080062879,0.10694826846116,4.22075164523876,2.43489077236611e-05,5.52245750844263e-05
"YFR034C",489.107685829276,0.274978857860203,0.103658985795935,2.65272572125614,0.00798447222272075,0.0133454005396273
"YFR034W-A",3.47423576838718,0.811743700976062,0.304524033639258,2.66561456997401,0.00768477415877538,0.0128653106444916
"YFR035C",167.007499035549,0.920521775727154,0.105159537718422,8.75357381459744,2.06700585197524e-18,1.23966288193005e-17
"YFR036W",144.297527063995,0.216824926576381,0.121635813833646,1.78257471827269,0.0746555583095313,0.105582974015474
"YFR036W-A",8.58369510190477,0.424271464985929,0.310923875910016,1.36455093306735,0.172394235510309,0.225113884980148
"YFR037C",1211.32530144275,-0.235004178941204,0.0374171283601374,-6.28065779605811,3.37143494156922e-10,1.16660467620999e-09
"YFR038W",463.842915227982,0.146785668476791,0.05939961799694,2.47115509201344,0.0134677396289779,0.0217169669263336
"YFR039C",480.383036074548,0.234100653486717,0.0352007782128535,6.65043971673432,2.92218671448619e-11,1.09665697812059e-10
"YFR040W",1662.70265946577,-0.0886138897386627,0.0489162928521523,-1.8115414020947,0.0700570862595773,0.0994885830676367
"YFR041C",607.473467984633,0.40404855898606,0.0386633105454518,10.4504387566882,1.45848916817675e-25,1.31149633828599e-24
"YFR042W",292.802679132673,0.5269098120964,0.074916747762272,7.03327130227817,2.01746535620305e-12,8.21678163725326e-12
"YFR043C",154.267526730211,0.223579346551471,0.0555924988796451,4.02175385271867,5.77664070851454e-05,0.000125871116356894
"YFR044C",2538.72201925202,-0.0501657903376525,0.0540833297235154,-0.927564752283373,0.353633388645452,0.425361790608859
"YFR045W",387.433253256614,0.0613174543962814,0.0722558944441346,0.848615256485263,0.396095414797539,0.469539954918537
"YFR046C",287.963618524104,0.292630875433217,0.0402464138669005,7.27098012759551,3.56888448155181e-13,1.53535686983082e-12
"YFR047C",1213.22092162674,0.447173441252917,0.0688288742480286,6.49688733309081,8.19988229557369e-11,2.98449684186515e-10
"YFR048W",366.508543343225,-0.00300543312468543,0.0431390370520675,-0.0696685260048333,0.944457493500116,0.957542092525762
"YFR049W",563.145491789941,0.226318260276955,0.0908713860019467,2.49053382185793,0.0127551355096666,0.0206307493936037
"YFR050C",2107.310896294,-0.0439869973127579,0.0438053652805787,-1.00414634214361,0.315308081023574,0.385012607129129
"YFR051C",2407.80499989782,-0.135830055951128,0.0357896272366286,-3.79523528012926,0.000147503506690378,0.000306919728530887
"YFR052C-A",233.578372497955,-1.32645109658545,0.206032542279836,-6.43806595748281,1.21005419735521e-10,4.35581518765383e-10
"YFR052W",1338.4772365395,0.212041471645653,0.0376798329087349,5.62745254627969,1.82890453589661e-08,5.4915034056887e-08
"YFR053C",6224.04271296646,-1.79449932049727,0.187015267238009,-9.59546964801255,8.35357849303707e-22,6.11321983548958e-21
"YFR054C",20.612723986741,0.403570608362547,0.13365135220542,3.0195774431243,0.00253127570097681,0.00454638264935235
"YFR055W",929.26276384888,-2.02168833990403,0.0590040270357987,-34.2635654118563,2.73925951950323e-257,2.73092264270475e-255
"YFR056C",11.758205367894,-0.37023393704775,0.164380068067355,-2.25230431767461,0.0243030475040325,0.0375771327894447
"YFR057W",0.127668489667,0.148750498925942,1.36882453031081,0.108670246355218,0.913464042029561,0.936180320099459
"YGL001C",1453.39835573236,-0.0937560635371608,0.050905340296504,-1.84177265078807,0.0655084121294947,0.0936032210629451
"YGL002W",520.540857584131,0.308691321881402,0.0447027291327727,6.90542452038108,5.00535167791557e-12,1.98111704213931e-11
"YGL003C",756.333137914638,0.287689589262618,0.0539421542804335,5.33329810609681,9.64447838955662e-08,2.73134486791931e-07
"YGL004C",405.272503947102,0.387238111422999,0.0401936658004376,9.63430689167903,5.72772241708525e-22,4.2321162735907e-21
"YGL005C",378.238090169671,0.349068376830682,0.040393646294349,8.64166543141506,5.53994585094565e-18,3.2323399074347e-17
"YGL006W",2320.82023338757,0.055057958440334,0.0564965447265719,0.974536738605869,0.329790106857367,0.400251613456568
"YGL006W-A",4.97398855698922,0.106422504674877,0.255396848284479,0.4166946671023,0.676901755569666,0.737590238644659
"YGL007C-A",9.36573573660297,2.53596245389528,0.269346120678316,9.41525516502248,4.71934707496637e-21,3.31607645849782e-20
"YGL007W",17.1422822657854,1.3322757505599,0.156697849462092,8.50219550002313,1.8603815661345e-17,1.0498412463855e-16
"YGL008C",22315.7137977815,-0.838057931840427,0.0599462933784766,-13.9801459708154,2.06064942722611e-44,3.71078728007551e-43
"YGL009C",3652.66528589994,-0.227339094941933,0.0368310865162327,-6.17247864359734,6.72276114092e-10,2.26473427465175e-09
"YGL010W",237.938653577486,0.484512708666261,0.0683692307273784,7.0867070392857,1.37340689377284e-12,5.66746612013399e-12
"YGL011C",2718.45222321315,0.0592197580370183,0.0459900202877309,1.28766540363577,0.197862461523935,0.254606615228939
"YGL012W",4060.71663024365,0.232207913547742,0.0488550245937283,4.75299962447571,2.00420720389522e-06,5.04461813230707e-06
"YGL013C",468.817412355107,-0.0382234659552006,0.0488238033480124,-0.782885873981316,0.43369413345559,0.507032961257818
"YGL014C-A",0,NA,NA,NA,NA,NA
"YGL014W",1280.43908096319,-0.0489469205103183,0.0410638483963671,-1.19197109919801,0.23327257763962,0.294221133403548
"YGL015C",7.70400273785144,0.256718533285931,0.211014879429163,1.21658972097325,0.223760355581747,0.283523206123934
"YGL016W",318.238847424487,-0.470026425757618,0.0632277543343784,-7.43386240276533,1.05471685517941e-13,4.72866826891471e-13
"YGL017W",458.002464438512,0.201686500966705,0.0312108068285538,6.46207264280616,1.03278495118187e-10,3.74119414385471e-10
"YGL018C",221.268564723822,-0.0278553513220321,0.0785842903991719,-0.354464628751367,0.722990707592075,0.778225495412598
"YGL019W",1477.6295930369,-0.0144876929233019,0.0461707255389531,-0.313785255791117,0.753684143403766,0.804436496892863
"YGL020C",1018.41136667091,0.181246072757279,0.0252482764125335,7.17855230178434,7.04534389337022e-13,2.95419634362798e-12
"YGL021W",411.497940988636,0.270565696537061,0.0640649464474535,4.22330324991345,2.40747541790795e-05,5.46207895771397e-05
"YGL022W",3839.78132665375,0.0647252298252701,0.0511153595009222,1.2662579400249,0.205420749914118,0.26314512824194
"YGL023C",1819.39637155252,0.444418061860044,0.068835524189232,6.45623124243695,1.07342549235452e-10,3.88636524310883e-10
"YGL024W",8.65151717167663,0.452795659806245,0.210397344556411,2.15209778793023,0.0313896533458768,0.0477086666739476
"YGL025C",517.569263754749,0.0806536319653789,0.0714888153904354,1.12819930677114,0.25923575664228,0.323058472815624
"YGL026C",3718.39877331969,0.360611101464943,0.0625287499801845,5.76712474788351,8.06353665280813e-09,2.48517332592595e-08
"YGL027C",1773.1085033933,0.5945417611932,0.0492407839272119,12.0741733533742,1.44610153746231e-33,1.85592023809762e-32
"YGL028C",803.386287585852,-1.66267666837519,0.0416674807481617,-39.9034604089555,0,0
"YGL029W",362.908416046894,-0.804960618456607,0.148935532211075,-5.40475873356935,6.48956850989892e-08,1.86658918729324e-07
"YGL030W",20246.9447880118,-0.222988992825198,0.0750408616167758,-2.97156759691772,0.00296283642954265,0.00526513867187391
"YGL031C",6574.27229462268,-0.324391240816901,0.0735842668629694,-4.40843205546901,1.04121674038297e-05,2.44872819045964e-05
"YGL032C",167.406318339083,-0.0556874232495162,0.0650488087869811,-0.856086749134466,0.391949797540449,0.465183968948631
"YGL033W",7.65490585159409,0.600012972562705,0.231820092481176,2.58826992147553,0.00964593619806182,0.0159199604382119
"YGL034C",21.026047415586,1.72358817454325,0.148141840383317,11.6347155542517,2.74503692585708e-31,3.17897458130822e-30
"YGL035C",1939.13025934098,0.583817672540456,0.0583191074568271,10.0107442997589,1.36720027374362e-23,1.11433301932255e-22
"YGL036W",1205.69760413619,0.299732139480593,0.0566901860097715,5.28719626054727,1.24205358817868e-07,3.48052429220101e-07
"YGL037C",8952.6469912979,-0.249628345228023,0.0797028950558583,-3.13198592162902,0.00173628200827294,0.00317740993213876
"YGL038C",1000.52877610567,0.0602027877771495,0.0373772576456163,1.61067963701212,0.107249566215209,0.146644755713461
"YGL039W",735.513486426393,-0.285965631651555,0.0595241546718524,-4.80419475468472,1.55375538370352e-06,3.94401597213893e-06
"YGL040C",1629.40053350776,-0.410904388863399,0.047351187789564,-8.67780531059794,4.0347895320154e-18,2.37022350048966e-17
"YGL041C",0,NA,NA,NA,NA,NA
"YGL041C-B",4.07252421023015,-0.232832902968385,0.305043925282231,-0.763276642053976,0.445298429257807,0.518660327609965
"YGL041W-A",76.890910163597,0.223980924871024,0.0650814386130028,3.44154846058172,0.000578394857689222,0.00112713264193885
"YGL042C",116.998151156556,0.164308711491334,0.0806201235423889,2.03806077529691,0.0415438552825004,0.0618170409881723
"YGL043W",541.968814959553,-0.108674862754982,0.0421657261213116,-2.57732696081937,0.00995677197182559,0.0163662208827212
"YGL044C",517.692869632691,-0.239703672536923,0.0405983311998049,-5.90427402932449,3.54202994552122e-09,1.1280381479278e-08
"YGL045W",336.252416377752,0.27642625786808,0.0635067723282042,4.35270519558929,1.34467915437264e-05,3.13348506196794e-05
"YGL047W",456.295396051227,0.621084339297982,0.0853807975531234,7.27428598815264,3.4825749958029e-13,1.50010227903119e-12
"YGL048C",2929.81985229052,0.0732098595024391,0.0350119621882639,2.09099561769147,0.0365284568206072,0.0548165912890395
"YGL049C",1554.85800762894,0.0870680851275055,0.0295766176356341,2.9438148134493,0.00324193919841394,0.00572562252782786
"YGL050W",311.111717927732,-0.287566061457297,0.0454639808034397,-6.32514039411923,2.53002446528191e-10,8.83005494504022e-10
"YGL051W",151.800845387939,-0.0380801929981274,0.060487547925279,-0.629554252144067,0.528986262820759,0.60117239417545
"YGL052W",61.2131049335796,0.169836244061541,0.0757690056440075,2.24150023638291,0.0249936902334424,0.038576073957604
"YGL053W",445.779231710057,0.193103387319781,0.0766630150403512,2.51885980766791,0.0117735523299241,0.0191285466408947
"YGL054C",982.799049115004,-0.0400601787102483,0.0326633252423466,-1.2264574538269,0.220026576673339,0.279444751972389
"YGL055W",9974.11953159488,-0.570220960345331,0.0545149615383468,-10.4598984252099,1.31997093152427e-25,1.18849215156485e-24
"YGL056C",863.609316199036,-0.0769993196615716,0.0635549753851472,-1.21153881651202,0.225688967354402,0.285756378875563
"YGL057C",122.624808370173,0.202139940584317,0.0522273425587315,3.87038533229992,0.000108663459878108,0.000229222919503681
"YGL058W",500.070018784051,-0.0764829785841831,0.035809788250514,-2.13581208716266,0.0326947335187024,0.0495390026156727
"YGL059W",352.915834541887,-0.077199807180327,0.0800825757730939,-0.964002549057176,0.33504464788925,0.405555539825823
"YGL060W",273.555568733416,-0.168435136541994,0.0463051509251177,-3.6375032405008,0.000275293729860123,0.000557147857519208
"YGL061C",165.722997232135,0.143568518740189,0.0479101785795725,2.99661831779109,0.00272992277188068,0.00488150214394781
"YGL062W",2089.74709868583,0.689852382093965,0.0683630895201012,10.091006520282,6.05454804756761e-24,5.01798024327923e-23
"YGL063C-A",0,NA,NA,NA,NA,NA
"YGL063W",275.696060997895,-0.0342087430427506,0.0635279821968432,-0.538483072494791,0.590243588431329,0.659030294565673
"YGL064C",172.698968179592,-0.327820511635258,0.0549504809603416,-5.96574417377438,2.43521577767522e-09,7.86471799747787e-09
"YGL065C",383.637558299509,0.111495243000586,0.0626270504989624,1.78030487005664,0.0750260805558228,0.106063380218558
"YGL066W",627.680056427247,-0.0703853769298451,0.0386263459330165,-1.82221163378755,0.0684228800267429,0.0973889906277601
"YGL067W",468.785714632827,0.000219549569257581,0.035144150920107,0.00624711548037344,0.995015555429543,0.997675107751011
"YGL068W",199.975597514045,-0.413340590145781,0.0568106711841187,-7.27575614810427,3.44485369408384e-13,1.48571464336067e-12
"YGL069C",0.365528168762332,0.416080281620987,0.836317082791559,0.497514985861756,0.618825937782627,0.686154678595534
"YGL070C",384.666215773215,-0.313005869372354,0.0547094523663757,-5.7212393075374,1.0574982257359e-08,3.23025323927054e-08
"YGL071W",603.597258115352,0.0302562346339722,0.0446071023901418,0.678282896955415,0.497592340661113,0.570489618567967
"YGL072C",2.72373049815072,-0.421824760531753,0.320494667730316,-1.31616779623523,0.188117729940733,0.243519357219101
"YGL073W",1004.31827949014,0.217944320315417,0.0375899241324469,5.79794520328099,6.71323784637999e-09,2.08771985285931e-08
"YGL074C",15.8507131101928,-0.131321118633535,0.135005146133291,-0.972711947616293,0.33069648554169,0.401210074786822
"YGL075C",151.943455656074,0.229101400861453,0.0482705097028222,4.7461980880649,2.07275728860473e-06,5.20763235511757e-06
"YGL076C",14558.0633759816,-0.321347586785816,0.0678338170279024,-4.73727708192559,2.16608914771798e-06,5.42059938331267e-06
"YGL077C",1583.03581957149,-0.283495931541077,0.0634056159841104,-4.47114860633358,7.780061126467e-06,1.85379426702343e-05
"YGL078C",1280.68733997158,-1.02870147066247,0.100024116385247,-10.2845344486761,8.27409591659299e-25,7.23221166585046e-24
"YGL079W",204.087877603706,0.078968131867081,0.0502839003480851,1.57044563608694,0.116311472507821,0.157843089244683
"YGL080W",622.609244659233,0.208142213061831,0.0624482382111713,3.33303579130591,0.000859038907302447,0.0016324112274402
"YGL081W",69.7537680272022,0.476524456824403,0.0657432091677771,7.2482688760798,4.22131996425561e-13,1.79916109257214e-12
"YGL082W",931.66009335386,-0.00372761934592173,0.0260578560904236,-0.143051651409329,0.886249388705509,0.916079570985004
"YGL083W",431.109503943427,-0.32884630028964,0.0408836866248743,-8.04346005552163,8.73366846000896e-16,4.4502892841779e-15
"YGL084C",748.560893766213,0.188162467434951,0.0351858034436773,5.34768142316678,8.90880949794057e-08,2.52924888717842e-07
"YGL085W",225.314607873886,0.197643710697544,0.043619316743956,4.53110514907205,5.86759227797923e-06,1.41575472747173e-05
"YGL086W",576.090356979301,-0.0715120265393243,0.0817384452746739,-0.874888509305692,0.38163457186529,0.454669937627525
"YGL087C",422.014660950068,0.41988679889501,0.0587420051865483,7.14798205409512,8.80628211544533e-13,3.67810653747107e-12
"YGL088W",0.259013989231924,-0.429900481148695,0.885355166154514,-0.485568388351921,0.627273213870986,0.693843453645041
"YGL089C",97.3870719336308,0.506486122354145,0.063505649621783,7.97544982801681,1.51826823914959e-15,7.58472564786495e-15
"YGL090W",222.083247383482,0.216917713457717,0.0440604540878593,4.92318379254942,8.51474127505773e-07,2.20779891560958e-06
"YGL091C",379.220427072875,0.125771158549348,0.0333619754134225,3.76989542707793,0.000163315962651596,0.000338286813333432
"YGL092W",1000.66632154328,-0.359628675761866,0.0591144556400229,-6.08359955053671,1.17513895422786e-09,3.88083574946396e-09
"YGL093W",585.272881513834,0.117964697883755,0.0369368391023816,3.1936868652128,0.00140468393327449,0.00260523612213406
"YGL094C",688.008124661232,-0.183134844699507,0.0291071167507709,-6.29175490886286,3.13896823601223e-10,1.08780667483769e-09
"YGL095C",724.633875516612,0.075077350667018,0.0410993842803338,1.82672689583194,0.0677408422283262,0.096518072429299
"YGL096W",161.528809329853,-0.907264552771061,0.068637030296058,-13.2182955593749,6.8805463332994e-40,1.08557977584327e-38
"YGL097W",1297.60450238392,-0.028682737109386,0.0527909397640783,-0.543326889757383,0.586904753387198,0.656154363489442
"YGL098W",358.79785954511,0.104464005990655,0.0524116918041132,1.99314317845502,0.0462457710453976,0.068033502784707
"YGL099W",788.288735943262,-0.549479066370801,0.0837019588666474,-6.56470976081004,5.21343076545149e-11,1.93020399545429e-10
"YGL100W",820.153272300366,0.0702420473437968,0.0375234425808374,1.87195103947281,0.0612133774109425,0.0879646591205083
"YGL101W",303.521447845622,-0.386534195358462,0.04923448489224,-7.85088330271908,4.13117229733317e-15,1.99988277504257e-14
"YGL102C",59.644417508217,0.00266059233219014,0.152426323294506,0.017454940030598,0.986073680010201,0.991696029940084
"YGL103W",492.099747453722,-0.266416733223235,0.150438891088794,-1.77092991908579,0.0765723563203658,0.107983033851537
"YGL104C",351.394363545,0.161819517834136,0.0691092103014948,2.34150436863892,0.0192062011838079,0.0302194551563162
"YGL105W",4705.52220477288,-0.0241447670459364,0.0264384647409798,-0.913243914973317,0.361114272172838,0.433223983839865
"YGL106W",2081.79233676852,0.116598196895979,0.067876516268317,1.71779878087826,0.0858333239824141,0.119985254150584
"YGL107C",457.244830558731,-0.181209746350152,0.0335596468231278,-5.39963210295975,6.6777696393714e-08,1.91801158034388e-07
"YGL108C",92.1397192286116,-0.116731040270149,0.0727362755195697,-1.60485314152142,0.108526127812141,0.148213466988231
"YGL109W",25.4466747467033,-0.135346047798802,0.118559392056751,-1.14158857810282,0.253625073931011,0.316640087762508
"YGL110C",510.76607911259,0.189605171487305,0.0596942041250854,3.17627438486322,0.00149179778118382,0.00275270304097734
"YGL111W",547.76247721827,-0.492103632178815,0.0851570093224017,-5.77878011563002,7.52441869517764e-09,2.32631353726413e-08
"YGL112C",636.571457603498,-0.28742570507028,0.037969707925003,-7.56986873952251,3.73601530896281e-14,1.72136967919325e-13
"YGL113W",232.726015342242,-0.0151436166445235,0.0611087060825952,-0.247814388739556,0.804278021520735,0.848562654914284
"YGL114W",710.531286300553,0.143323855945087,0.0259272812883341,5.52791688226775,3.24055505245144e-08,9.5796210596534e-08
"YGL115W",867.029798303101,-0.327654769470935,0.0335680148243037,-9.76092185331463,1.65642619998136e-22,1.26185557360706e-21
"YGL116W",436.663890923238,0.123252506622926,0.0553388192195464,2.22723412536044,0.0259316305309092,0.03992472838454
"YGL117W",483.526276931587,0.297357896362666,0.121425249957127,2.44889672014394,0.0143294529810328,0.0230094087433531
"YGL118C",9.02707241876107,0.43422589762404,0.179539138222808,2.41855843757681,0.0155821424726314,0.0248930696863056
"YGL119W",335.694741849701,-0.109702110707961,0.0400286117194714,-2.74059244114623,0.00613285275548104,0.0104064859657015
"YGL120C",1153.9017013985,-1.00236990621501,0.0853640459541859,-11.7422961272592,7.7357272263503e-32,9.0964218102673e-31
"YGL121C",74.6975043631096,-0.540806974685707,0.145584071454489,-3.71474000749299,0.000203412726414802,0.000417071876306237
"YGL122C",2251.65728693141,-0.347546064170564,0.0544259341626065,-6.3856701684203,1.70648459372672e-10,6.0666188735122e-10
"YGL123C-A",0,NA,NA,NA,NA,NA
"YGL123W",18330.0550708509,-0.384664383798251,0.0522472801508676,-7.36238102131837,1.80658427849979e-13,7.96123847008329e-13
"YGL124C",367.078220492322,0.248576517047115,0.0430472646913264,5.77450202305654,7.71810026088882e-09,2.38084357375131e-08
"YGL125W",724.820233493732,0.265340679832629,0.103465537492574,2.56453198101517,0.0103315057728849,0.0169376616329064
"YGL126W",1983.96704150087,0.557104792561947,0.139313485647799,3.99892939273929,6.36296572957204e-05,0.000138209160889568
"YGL127C",389.828359943281,0.484629314156083,0.0766238057327479,6.32478783220968,2.53580759621909e-10,8.84575073752087e-10
"YGL128C",221.394073984087,0.191720662310028,0.0682847269370721,2.80766535812186,0.00499020528382283,0.00857976059670514
"YGL129C",472.26714512185,-0.198924641980474,0.0353653472867518,-5.6248462758626,1.85673245245699e-08,5.5726276354501e-08
"YGL130W",584.851864374099,0.218651581105458,0.0286025915530548,7.64446748469913,2.09811819017207e-14,9.75199664202276e-14
"YGL131C",288.299450477697,-0.659356821068641,0.0555774969044186,-11.8637372640692,1.82637171902185e-32,2.21580441889794e-31
"YGL132W",7.22803424807856,0.254066290103603,0.197096790000205,1.28904326703311,0.19738304510592,0.254174085975969
"YGL133W",609.90198861989,-0.0724492552291539,0.0463998492624339,-1.56141143518347,0.118426705507599,0.160239438864432
"YGL134W",333.964191779453,0.0520204633330451,0.0514682438207964,1.01072932494397,0.312145997555018,0.381481335427719
"YGL135W",14706.6763415175,-0.244342644505592,0.0705340276457303,-3.46418108622475,0.00053184835218683,0.00104219143798461
"YGL136C",230.352190876898,0.219106651099335,0.0707471779172622,3.09703733137705,0.00195465256531377,0.0035571574065591
"YGL137W",2628.67142019632,0.0144331699591218,0.0434053023351135,0.332520894513983,0.73949596490291,0.793013054945144
"YGL138C",2.47670728269653,-0.0704696903311886,0.316264102469633,-0.222819124209505,0.823676283191749,0.864916677160135
"YGL139W",703.625066817464,-0.0796792664400764,0.0463913328455197,-1.71754639396552,0.0858793852480421,0.12002525215792
"YGL140C",894.816907329784,-0.0851692568889733,0.0556900128849235,-1.52934525378841,0.126178876554605,0.169462024954925
"YGL141W",489.049195408914,-0.0247331193231723,0.0605293254345272,-0.408613827192331,0.682823081759602,0.742983229899447
"YGL142C",397.145786554819,-0.0292540128175661,0.0476999454310685,-0.613292374932404,0.539683034284184,0.61130900590168
"YGL143C",326.936354786513,-0.151397507088908,0.047694549033713,-3.17431467864163,0.00150190765218152,0.00276912965407576
"YGL144C",246.440271091178,-0.0563687193681569,0.0823793488314105,-0.684257889480477,0.493812333051786,0.567195698624684
"YGL145W",308.429570939922,-0.30330914972745,0.059523829583475,-5.09559199819454,3.4765314024282e-07,9.36376645156757e-07
"YGL146C",122.420549732292,0.578133791213762,0.0844349813156208,6.84708851954,7.53680865694352e-12,2.94243511640831e-11
"YGL147C",13323.5144914116,-0.522423443819898,0.0990924405784315,-5.27208171249351,1.34884995501106e-07,3.76725084877024e-07
"YGL148W",4650.05075405085,-0.20420229462663,0.0669882116407484,-3.0483317829374,0.00230115706854493,0.00415258643088158
"YGL149W",11.6438069617399,-0.970256980387968,0.180584629999978,-5.37286578812432,7.74950103592669e-08,2.21198413386472e-07
"YGL150C",1340.96132486892,-0.174560154247138,0.043819199336062,-3.98364545432212,6.78661006836833e-05,0.000146900851668678
"YGL151W",777.822193671976,-0.125008196950918,0.0510090036477862,-2.45070846343307,0.0142575377724879,0.0229134921385727
"YGL152C",0.46093653586607,-0.197729382394212,0.778222340256648,-0.254078265510861,0.799435094124174,0.844489252530742
"YGL153W",120.818162380991,0.140277251423293,0.0549581639070495,2.55243700754894,0.0106972251193188,0.0174913742799606
"YGL154C",273.679305449382,0.317984989485508,0.0430955380513179,7.37860585722015,1.59955586468244e-13,7.06701656592838e-13
"YGL155W",418.574920519096,-0.328924105637223,0.0322031811222008,-10.2140252662947,1.71595060622443e-24,1.46999056291629e-23
"YGL156W",472.806487935169,0.895458798261429,0.0813157603583267,11.0121186140976,3.34054474367395e-28,3.40943728363992e-27
"YGL157W",1157.58075802959,-0.36152226248893,0.0435969705294099,-8.29237119228393,1.11012857497343e-16,5.98008963762119e-16
"YGL158W",360.76606073634,0.611827616775017,0.0656540595758749,9.31896094053319,1.1748516700081e-20,8.09800063926426e-20
"YGL159W",266.53559816367,-0.186871574677094,0.0513116544293428,-3.64189338183239,0.000270640166295616,0.000548052312024593
"YGL160W",523.967409856926,0.222806774089947,0.0458356164696587,4.86099656230076,1.16796282240676e-06,2.99233380087005e-06
"YGL161C",1574.75440475468,0.301148997415707,0.0638434369528157,4.71699225150229,2.39356802748016e-06,5.97870532354249e-06
"YGL162W",483.910107211723,-1.45233150324526,0.0697908466172077,-20.8097705306697,3.530304588854e-96,1.34916473704037e-94
"YGL163C",586.059176253034,0.524437219463321,0.0411081661812336,12.757494877082,2.83161655611862e-37,4.04122205177178e-36
"YGL164C",611.313336753783,0.0922730250318769,0.030607502372168,3.01471919890407,0.00257217271284342,0.00461622126054002
"YGL165C",32.1431769304342,0.579110252086961,0.131856525985002,4.39197262146001,1.12326846763024e-05,2.63359365672407e-05
"YGL166W",203.599637109168,0.175914944150268,0.116553494074113,1.50930648238145,0.13122047890244,0.175718449361473
"YGL167C",1932.6126296785,0.139123736114788,0.0341344135120182,4.07576172550334,4.58639639666245e-05,0.000101056440783603
"YGL168W",270.378469982367,0.633099200054059,0.0617560098344306,10.2516208827516,1.16375394600654e-24,1.00697652762e-23
"YGL169W",351.70934802227,-0.714905119344029,0.079121809027126,-9.03550017541854,1.63254112439764e-19,1.04370356828358e-18
"YGL170C",15.2781221161336,-0.862345167503465,0.219074555516511,-3.93630910477174,8.2744382703162e-05,0.000177154873518534
"YGL171W",253.670351451898,-1.43193410954683,0.129415221012856,-11.0646498792022,1.86188556654693e-28,1.92310973157302e-27
"YGL172W",1011.71887857769,0.00688557124896023,0.0238865348512473,0.288261620692994,0.773146483041018,0.821639835754544
"YGL173C",2878.43950416142,-0.165833281989678,0.036880181159047,-4.4965419577121,6.90675551587357e-06,1.65085375933615e-05
"YGL174W",190.107145632826,0.47781466247183,0.0479539625889444,9.96402876166044,2.19003877057821e-23,1.75381568135128e-22
"YGL175C",45.8905965476828,-0.31447795696059,0.106108797516072,-2.96373122985357,0.00303933619873054,0.0053941160245272
"YGL176C",297.683464397218,0.155903476690103,0.0502113826802459,3.10494291071252,0.00190315753763089,0.00346803197387097
"YGL177W",11.9410142049685,-0.529301552948254,0.156151844561924,-3.38965930523065,0.000699795354248149,0.00134654328444
"YGL178W",592.580377034363,-0.421296116716074,0.0604211718172782,-6.97265716709583,3.11009894894564e-12,1.24894166198465e-11
"YGL179C",448.255095827088,-0.477836448331911,0.0685676900694595,-6.96882814409907,3.19591807786019e-12,1.28116086582752e-11
"YGL180W",373.959448475525,0.233512971347495,0.0513519434063247,4.54730543496305,5.43371135610482e-06,1.31475555464808e-05
"YGL181W",1612.80934215631,0.380382451519948,0.0631700602760089,6.02156226949829,1.72741540334004e-09,5.62370589662857e-09
"YGL182C",4.01838941403284,0.640688726820319,0.277713459209248,2.30701359827714,0.0210540620445873,0.0328862154415795
"YGL183C",13.7217942719292,1.26435293132829,0.168085456189362,7.52208406361998,5.39099016082565e-14,2.45919239498141e-13
"YGL184C",130.303770583592,0.564744915648941,0.203268019540133,2.77832645256545,0.00546396924445357,0.00933597725598513
"YGL185C",306.863933742709,0.525950343963111,0.0607034785758168,8.66425378417508,4.54479956708053e-18,2.66527504023418e-17
"YGL186C",1048.3708497661,-0.523085276943184,0.0694873917520692,-7.52777250309741,5.16132140856874e-14,2.35598739014893e-13
"YGL187C",573.239835518195,0.0227827001998845,0.0707182539016278,0.322161520441048,0.747330333924377,0.79951560918597
"YGL188C",36.6743727937261,0.45051870847594,0.119315138157423,3.77587216034171,0.000159448758881505,0.000330674709781693
"YGL188C-A",14.1037523222357,0.231809063298153,0.170771903084489,1.35741921891838,0.17464804498435,0.227624839228372
"YGL189C",11873.6125690349,-0.108885462015069,0.0880086825217294,-1.23721272600786,0.216008118192542,0.275272294376898
"YGL190C",1335.11815060061,0.0306032739542989,0.0269897682627483,1.13388428001207,0.256843091960618,0.320425032571108
"YGL191W",891.147738204084,0.371237498139909,0.063615652086224,5.83563142034193,5.35872388021137e-09,1.68092392029065e-08
"YGL192W",674.000416601121,0.00607927993070152,0.0446015328810843,0.136302040266418,0.891582511038939,0.919739924816126
"YGL193C",183.782267842783,0.61694060003685,0.0727877564550347,8.47588427070108,2.33300591551998e-17,1.30477623519203e-16
"YGL194C",168.58625574007,-0.0467345521205178,0.078864234918186,-0.592595010513959,0.553452219061576,0.624745292898684
"YGL194C-A",49.8750906266962,0.102534987951565,0.0860869997666113,1.19106239303897,0.233629091945661,0.294616777909111
"YGL195W",3348.75432435658,-0.286316078903516,0.0437459845703919,-6.54496822314751,5.95080375542282e-11,2.18789839837272e-10
"YGL196W",765.719042183859,-0.490793216724957,0.066806648100366,-7.34647270414797,2.03505759081693e-13,8.9280364586924e-13
"YGL197W",1104.44557188586,-0.232051491536664,0.0501280800734749,-4.62917173760767,3.67131203807004e-06,9.00676016757626e-06
"YGL198W",559.230052636011,0.508515702707248,0.0904282457301038,5.62341665042344,1.87217114902346e-08,5.60673284028401e-08
"YGL199C",0.263514383913518,-0.429126004265809,1.04742431244671,-0.409696432636167,0.68202864728457,0.74235364947319
"YGL200C",3311.43625148391,0.298914554774128,0.0606790134942052,4.92616042287296,8.3861155160336e-07,2.17773079029049e-06
"YGL201C",796.94263236558,0.126120179640607,0.0467080543794396,2.7001805430826,0.00693018566769552,0.0116816337192055
"YGL202W",3465.68024903639,-0.00975408462656796,0.0464328768441278,-0.210068496494667,0.833614213018278,0.87295359588259
"YGL203C",1259.43922252144,0.0459470310985331,0.0397474744774434,1.15597359838819,0.247691956282764,0.310076973115402
"YGL204C",53.6004460444484,-0.481910893517165,0.0833759999549605,-5.77997137998335,7.47133341884759e-09,2.31301991846321e-08
"YGL205W",131.289115017499,-0.28751289647871,0.0730633264497125,-3.93511916921271,8.31554250856991e-05,0.000177979517474961
"YGL206C",1887.96475524378,-0.198975126396229,0.0438073091785037,-4.54205314426996,5.57089920927194e-06,1.34605604708752e-05
"YGL207W",2039.73684522471,0.0826665997013833,0.0429371333945506,1.92529386956874,0.0541926041602826,0.0788141488411382
"YGL208W",537.709149701641,0.45469258888377,0.0860069985948452,5.28669290072194,1.24547469139658e-07,3.48844478913561e-07
"YGL209W",1920.29216311688,-0.296306082716363,0.0696354277261275,-4.25510537368592,2.08950587234435e-05,4.76581926255199e-05
"YGL210W",542.371853553544,0.151868090800858,0.0648506940532238,2.34181134092749,0.0191904126275711,0.030201521039822
"YGL211W",599.479383652995,-0.131186590793229,0.0507617778047325,-2.5843576893203,0.00975605569359504,0.016074708291315
"YGL212W",178.753094741469,-0.252559842850723,0.0684440542752902,-3.69001873902585,0.00022423753335413,0.000457995840838201
"YGL213C",357.454211952299,-0.168348078081716,0.0334547871270641,-5.03210728683808,4.85117634817921e-07,1.2874707599971e-06
"YGL214W",5.25854394164003,0.352470001014874,0.28186453561696,1.25049432076784,0.211119028645871,0.269791528525905
"YGL215W",1184.25959027687,-0.304692845964797,0.0453625729658891,-6.71683341670046,1.8571607185873e-11,7.06604457033297e-11
"YGL216W",447.274981993804,0.130623489757411,0.05155025505535,2.53390578993565,0.0112799053379612,0.0183873148862168
"YGL217C",1.80649560570976,-0.193559682787385,0.378071468786591,-0.511965855050129,0.608674906737581,0.676316375940529
"YGL218W",0.237476260696406,-1.00923878439276,1.13716864387735,-0.887501418392618,0.37480900289011,0.44793452586537
"YGL219C",623.848207642255,0.274385475285774,0.0641977440760479,4.27406724698519,1.91939104399812e-05,4.40116366388768e-05
"YGL220W",823.733868015774,-0.122050573662564,0.0702058963872384,-1.73846613950149,0.0821287114359038,0.115181122521424
"YGL221C",1107.00254740962,-0.187317387004213,0.0638958935780829,-2.93160290144945,0.00337217628608341,0.00594282141464725
"YGL222C",159.565282547519,0.318107964177083,0.0926922160463516,3.43187354608083,0.000599426986921137,0.0011657441244836
"YGL223C",388.564558776712,0.0621859463319264,0.0416833040954208,1.49186701201928,0.135734012121177,0.181198189284218
"YGL224C",476.239390176608,-0.312829358894074,0.0635407542298322,-4.92328683670553,8.51025696951081e-07,2.20746823881089e-06
"YGL225W",2084.88642046458,-0.265491788359661,0.0365958697204149,-7.25469268493863,4.02574807841916e-13,1.72328071135317e-12
"YGL226C-A",612.961335705091,0.136492749634466,0.0542899469084221,2.51414409862485,0.0119321668906034,0.0193770953825451
"YGL226W",283.374985736571,0.392947387147156,0.082383557228771,4.76973076139429,1.84472311365485e-06,4.66231298208165e-06
"YGL227W",1070.94852339326,0.231508540917585,0.0501236076406415,4.61875255622805,3.86053895157663e-06,9.46423643902196e-06
"YGL228W",1815.03560171768,0.161051712626095,0.0438524710188896,3.67258010516036,0.000240113847627072,0.000487959573951737
"YGL229C",249.176215301212,-0.316841414498748,0.0721948751293453,-4.38869675903021,1.14031938674536e-05,2.67083999367426e-05
"YGL230C",18.423479821836,0.640796241594569,0.148427326528146,4.31723899219498,1.57993063285917e-05,3.66184057393471e-05
"YGL231C",1147.13494671292,-0.106229571474314,0.0646551654216384,-1.64301754982072,0.100379302241266,0.13818475487646
"YGL232W",463.830281089266,-0.0628024497129092,0.051417809258499,-1.22141434297939,0.221929179308328,0.281514074213902
"YGL233W",656.380858177795,0.015940444055642,0.0486359323401398,0.327750354288698,0.743100427148151,0.796352677730508
"YGL234W",3549.93003974128,-1.01932580304873,0.0776153323979678,-13.133046932302,2.12914085344859e-39,3.2913168383984e-38
"YGL235W",0.261039315848843,-1.00923867028752,1.15985946407988,-0.870138755205271,0.384224580610138,0.45696419260324
"YGL236C",282.06489789807,-0.489633454427457,0.0745878439560246,-6.56452081811259,5.22004514689874e-11,1.93161326334139e-10
"YGL237C",445.593227936,0.43906686164028,0.0509436495388145,8.61867702088658,6.77321065506103e-18,3.92526673093217e-17
"YGL238W",1022.1796988363,-0.260643672303925,0.0558982962054557,-4.6628196205824,3.1190612497814e-06,7.69860866065527e-06
"YGL239C",3.38650994118898,-0.174184341756411,0.28215623535187,-0.617332952217731,0.537015136109692,0.609089385209987
"YGL240W",63.4362697848774,-0.708005212562624,0.073731695432667,-9.60245398411036,7.80633059253026e-22,5.72491984499101e-21
"YGL241W",381.832772023127,-0.302053016827248,0.0454443690634579,-6.64665442720671,2.99829854831708e-11,1.12399431683233e-10
"YGL242C",458.178213932765,-0.0455063725849461,0.0562483990944262,-0.809025204584986,0.418500648662059,0.491945653135049
"YGL243W",221.400161405981,-0.0398789684259626,0.0491446207491182,-0.811461515382194,0.417100684919699,0.490971186099009
"YGL244W",1382.9320359378,0.0315985607788557,0.0482681467183997,0.654646240370576,0.512695545312686,0.585366415967795
"YGL245W",6887.88259400726,0.061090123729778,0.0549657133185467,1.1114223766321,0.266386584983289,0.330831073858106
"YGL246C",475.415118701134,-0.444155623637957,0.0699180235404732,-6.35251972448634,2.1181625546136e-10,7.44930481246777e-10
"YGL247W",202.890462922132,-0.0230597616237841,0.0545449691971996,-0.422766058230134,0.672465953927404,0.733453828613701
"YGL248W",740.602875798169,-0.0122683302625036,0.0736922387039288,-0.166480629144593,0.867778726146599,0.901631109379438
"YGL249W",78.1042855696888,-0.188737429742852,0.0969365040160263,-1.94702121413052,0.0515321913996868,0.0751834453103808
"YGL250W",305.013197494159,0.371236834087248,0.0673112311764387,5.51522870104914,3.48326693805646e-08,1.0279447990944e-07
"YGL251C",201.258026742568,-0.333591307806424,0.0622328275929141,-5.36037523457164,8.3049267598842e-08,2.36365706169811e-07
"YGL252C",1754.9988516926,0.365165361100902,0.0253358907374997,14.4129671573149,4.28881866749581e-47,8.19521767047325e-46
"YGL253W",23800.3468202092,-0.212357410842235,0.0477470649885929,-4.44754899370187,8.68556527079212e-06,2.06027598268204e-05
"YGL254W",225.390608732977,-0.0474462951485775,0.0656824016910248,-0.722359321934795,0.470073589551898,0.543376948836751
"YGL255W",950.352227884031,-1.43843752066374,0.0642724645611339,-22.3803075000422,6.12209282798668e-111,2.61576873066586e-109
"YGL256W",638.470865270174,-0.39468887267375,0.057611786743138,-6.85083547978591,7.34199153298518e-12,2.87126547785134e-11
"YGL257C",538.61061675931,-0.221482602936652,0.051129553930182,-4.3317922006339,1.47900497080041e-05,3.43602674573995e-05
"YGL258W",35.9093491606798,0.274037274761812,0.0935055834499106,2.93070493387819,0.00338193842193135,0.00595758115351236
"YGL258W-A",25.1217228447479,0.431925237079143,0.127027665508351,3.40024541386812,0.000673253976272436,0.00129765035101656
"YGL259W",45.4971273201986,0.226567459711038,0.12195388762041,1.8578125235027,0.063195642068493,0.0906427901979073
"YGL260W",2.61084031595661,0.641360206635439,0.335530783699902,1.91147947608012,0.0559429918504753,0.0810513565584287
"YGL261C",14.5179058302148,0.575123224402525,0.154590265718574,3.72030684939449,0.000198980871695497,0.000408471923722269
"YGL262W",10.3689989716186,0.645425278546803,0.172350138769013,3.74484919569351,0.000180502163682186,0.000372427829625003
"YGL263W",77.3302606672024,0.154412356462762,0.0769134417290393,2.00761210253399,0.0446845274829901,0.0659765753499654
"YGR001C",405.132220188964,-0.161080724982285,0.0522389552444373,-3.08353649548605,0.00204556018805661,0.00371473298142593
"YGR002C",311.212364063698,0.0240758741103854,0.0658500071770811,0.365616879063377,0.714650978240929,0.771029498011191
"YGR003W",159.060070827168,-0.0220297646018337,0.0553077399260554,-0.398312508001353,0.690399841592496,0.750537338823414
"YGR004W",280.531524831566,0.0359762490069488,0.0482631797632796,0.745418125855041,0.456018989600667,0.529533192009282
"YGR005C",1228.38064402237,0.0664898114391522,0.0294546807878306,2.25735976967786,0.0239856033949013,0.0371380585646303
"YGR006W",142.830756386314,-0.0336713177474183,0.0478952783929668,-0.703019564290973,0.48204355719135,0.555440139014957
"YGR007W",1130.75074005897,0.250148029740844,0.0336780183287643,7.42763506150816,1.10556474254695e-13,4.94806757578432e-13
"YGR008C",2865.0453893255,-1.23269262726837,0.116709954120555,-10.5620179234675,4.46948793710331e-26,4.12692718380318e-25
"YGR009C",1391.46124687287,0.381557463026027,0.0338797202061028,11.2621196605188,2.01844478609455e-29,2.19004442958114e-28
"YGR010W",331.830047738456,0.161480140571816,0.0434047673399266,3.72033190057617,0.000198961134660893,0.000408471923722269
"YGR011W",38.8592482827418,0.634041420377799,0.100897440339071,6.28401888340346,3.29930604756274e-10,1.14279588626305e-09
"YGR012W",540.849183620212,0.2412545593919,0.0446484028029107,5.40343090114239,6.53781479945309e-08,1.87938269976756e-07
"YGR013W",656.17910017464,0.240127043276528,0.0365593578439139,6.56814171358598,5.09470441361678e-11,1.88726287890521e-10
"YGR014W",1264.56925294283,-0.354919223431516,0.0454352302565245,-7.81154230819707,5.64923799679165e-15,2.70620530500904e-14
"YGR015C",196.135430466904,0.189192428313749,0.0646657885800147,2.92569583497231,0.0034368678447189,0.00604505597131713
"YGR016W",70.9047240396482,0.204370043647462,0.0845683831893195,2.41662469991827,0.0156651594327155,0.0250054206200677
"YGR017W",555.502102179307,-0.372222668473708,0.0390529057704776,-9.53124130279425,1.55413651651787e-21,1.12063994728788e-20
"YGR018C",43.2946949637746,0.0203451908488937,0.100093521145748,0.203261815710017,0.838930399152427,0.877852481863332
"YGR019W",1380.06797028302,0.122339770989357,0.0901502070330266,1.35706589053687,0.174760275267428,0.227727966199022
"YGR020C",2145.13343174753,0.0660237034572025,0.0362974592053645,1.81896212304152,0.0689172089336363,0.0980317370253276
"YGR021W",645.212834223736,-0.256581330168938,0.0834887123482368,-3.07324574726606,0.00211744037341439,0.00383716341641664
"YGR022C",0.946099518385497,-0.269593450445235,0.611068539785721,-0.441183652720481,0.659080046844848,0.721322403874185
"YGR023W",703.087308547326,0.083778959819655,0.10348269379915,0.809593920914564,0.418173603122373,0.49172926767159
"YGR024C",637.878800667762,0.0623093635602288,0.0341912575761945,1.82237706294873,0.0683977924348244,0.0973775205977753
"YGR025W",35.1049478920194,-0.229388428338877,0.226574252406228,-1.01242054603629,0.3113370186738,0.380609090360239
"YGR026W",1319.86083687312,0.0311940912942713,0.0323537895815655,0.964155720170877,0.334967860529114,0.405533951527592
"YGR027C",12755.0298708807,-0.0553116022308993,0.0512339618060241,-1.07958862210019,0.280325410330252,0.346889458115093
"YGR027W-A",0,NA,NA,NA,NA,NA
"YGR027W-B",1794.48788211723,-2.41517708456384,0.0512807714465784,-47.0971285422226,0,0
"YGR028W",515.190212343919,0.181757430629991,0.045884123299655,3.9612270554455,7.45655847158221e-05,0.000160601496970384
"YGR029W",542.356893529272,0.323192820944621,0.0507195449289583,6.37215537712946,1.86389906520288e-10,6.58877783634668e-10
"YGR030C",160.873371614783,0.211614107774572,0.0737308133511704,2.87009051109582,0.00410354318600969,0.00713555954918116
"YGR031C-A",0,NA,NA,NA,NA,NA
"YGR031W",448.474160385288,0.395568955762356,0.0776045885385802,5.09723668679338,3.44647310924071e-07,9.28644281961099e-07
"YGR032W",1723.73779595032,-0.580737761889285,0.0951399700894661,-6.10403557351533,1.03423251519365e-09,3.43363198456424e-09
"YGR033C",639.543466849394,0.120455752451784,0.0326486368650884,3.68945732557027,0.000224732919895778,0.000458735239158176
"YGR034W",9889.71936140612,-0.227267341316882,0.0727252034249649,-3.12501485886344,0.00177796078566318,0.0032502238226354
"YGR035C",387.350592176203,-3.74229817309547,0.109934867014408,-34.0410488021511,5.50629655457974e-254,5.18874164369233e-252
"YGR035W-A",81.480590424478,-0.208455098422752,0.121472336133141,-1.71607054790049,0.0861491310034929,0.120349950908444
"YGR036C",296.343911629238,-0.418082750855488,0.0519682988214303,-8.04495741321212,8.62754204042835e-16,4.39947084478181e-15
"YGR037C",2686.95169712062,0.101529604808267,0.0475268453044574,2.13625802760245,0.0326583879898502,0.0495057406307139
"YGR038C-A",0,NA,NA,NA,NA,NA
"YGR038C-B",1599.50605644095,-2.29105220602333,0.0428693607457074,-53.4426491594637,0,0
"YGR038W",367.613258978912,-0.0922990182598654,0.0485576113217704,-1.90081463538722,0.0573262964066767,0.0828983798573742
"YGR039W",16.4877167130597,0.324752484468354,0.14681362854449,2.21200502765274,0.0269663175470442,0.0413788307843223
"YGR040W",332.847363092434,-0.0553401277176464,0.0434441460358656,-1.27382243103501,0.20272635371279,0.260032554016461
"YGR041W",539.233455178919,-0.196229617558907,0.0307679016271984,-6.37773807055608,1.79722543401862e-10,6.35962642006899e-10
"YGR042W",461.551267309487,0.341565251946278,0.0413525261719839,8.25984005247269,1.45867797841184e-16,7.82092425058071e-16
"YGR043C",173.986585021022,0.803196382713455,0.0987693643711558,8.13203960385127,4.221268502567e-16,2.2015243388293e-15
"YGR044C",478.434441446511,-1.14356575516409,0.0607203557122794,-18.8333177852716,4.02721204928724e-79,1.33188421572341e-77
"YGR045C",26.0467969664376,0.139123553003683,0.106521340701513,1.3060627296602,0.191531226088457,0.247518937490606
"YGR046W",468.667788989214,0.116846448564968,0.0590412613736673,1.97906423146106,0.0478087749720847,0.0701678180142885
"YGR047C",335.12279539075,0.343796115015011,0.0732002511761471,4.69665212196758,2.6446029454307e-06,6.57471039451311e-06
"YGR048W",799.369294054715,0.311305602942831,0.0451764928805886,6.89087583150113,5.54499236463887e-12,2.1846507718414e-11
"YGR049W",435.08941732213,0.00613142758976423,0.0515182159887349,0.119014749872258,0.905263670130755,0.930004299108343
"YGR050C",165.679866017109,1.52940914327809,0.0537299966576292,28.4647168884744,3.20401815805286e-178,2.16082754012212e-176
"YGR051C",241.389648125522,2.62453426026821,0.084114388174813,31.2019657661148,1.00199598046007e-213,8.30449439709013e-212
"YGR052W",206.409096262522,-0.095739449664189,0.0661696725199727,-1.44687809411919,0.147931069438507,0.195997270159378
"YGR053C",120.794092547821,0.299655220069862,0.0579132017828346,5.17421262933316,2.28874067947846e-07,6.28011453296063e-07
"YGR054W",1252.45202348527,-0.550870920908188,0.0540058319301534,-10.2002117404772,1.97840708954441e-24,1.68851890433946e-23
"YGR055W",1337.49463880133,-0.282065896481401,0.0972128244979901,-2.90152968950339,0.0037134558884829,0.00649996515442083
"YGR056W",597.503282153346,0.235493327419527,0.051657494874806,4.55874463115671,5.14602984004307e-06,1.24998373127317e-05
"YGR057C",179.466904827549,-0.0490621232424251,0.0606684180071833,-0.808692971631732,0.418691771914917,0.492002169286422
"YGR058W",187.900171430512,0.014048158523125,0.0567669774754775,0.247470609637331,0.804544034351998,0.848583013233271
"YGR059W",22.9918413671578,1.11517966962884,0.125372932076943,8.8948998093499,5.84720276321078e-19,3.62042374510594e-18
"YGR060W",3592.71515778938,-0.256852476365149,0.0566489388908998,-4.53410922417843,5.78470908227138e-06,1.39673618030694e-05
"YGR061C",3710.72147000788,-0.720793507600145,0.0671877070215569,-10.7280563596088,7.51604058693655e-27,7.26163528055288e-26
"YGR062C",286.143802806487,0.0820367043384152,0.0534349289399508,1.53526365555022,0.124719077804912,0.167861971477204
"YGR063C",263.132639353517,0.128866847535087,0.112771558455034,1.14272471978359,0.253152902996761,0.316165363056413
"YGR064W",4.05677863538531,-0.46290295303845,0.260754241206815,-1.77524611256966,0.075857258810847,0.107062388871526
"YGR065C",440.301235116979,0.0704907375962371,0.0480754524814713,1.46625219228888,0.142579594523104,0.189637476938213
"YGR066C",90.0960572387008,0.278963402051575,0.0729706964516615,3.82295106963068,0.000131863954222101,0.000275879604955545
"YGR067C",175.346385950824,1.4818460682962,0.107431596799189,13.793391445778,2.79313764730951e-43,4.92666509636978e-42
"YGR068C",390.485138464446,0.110085239219849,0.046160012822364,2.38486153900099,0.017085550552336,0.0270809913017326
"YGR068W-A",0,NA,NA,NA,NA,NA
"YGR069W",10.9625605931669,0.387734274569612,0.18108255676984,2.14120167886977,0.0322577777218181,0.048920029309609
"YGR070W",694.871772858357,-0.443020048933968,0.0589354888708758,-7.51703358064271,5.6033029098548e-14,2.55265700111862e-13
"YGR071C",323.040544252139,-0.415174176466204,0.0546329536249319,-7.59933609514273,2.976538109979e-14,1.37604876737537e-13
"YGR072W",456.041224786257,0.055695151168291,0.0873074293814661,0.637919952091891,0.523525789079054,0.59595133262863
"YGR073C",0.378889394165045,0.133889770478856,0.799072607917422,0.16755645125642,0.866932233590695,0.901122217417708
"YGR074W",91.6359339354239,-0.0121524418126823,0.0728100956135438,-0.166905999920453,0.867444012121158,0.901517957301926
"YGR075C",206.367645262561,0.0123872288025872,0.0516424799328396,0.239865103664592,0.810434834418789,0.853487634103927
"YGR076C",218.684332406629,-0.0761495790762885,0.0601180247815709,-1.26666801434288,0.205274021578216,0.263006145359759
"YGR077C",486.20593289399,0.0417149909418314,0.0341575201244787,1.22125349819927,0.221990054161926,0.281539377319301
"YGR078C",417.992707284895,0.0379641792150435,0.0402558422492985,0.943072535408325,0.345643802633333,0.416698864057957
"YGR079W",93.3558359363847,-1.32451915138582,0.161549897175833,-8.19882385900994,2.42750308756022e-16,1.28452259533283e-15
"YGR080W",636.375003388716,-0.0298474658151686,0.0542172238572048,-0.55051630629004,0.581965295729321,0.652115860778954
"YGR081C",161.615456156709,-0.623479758856501,0.0818483781077768,-7.6174968065404,2.58642306657779e-14,1.19730849764392e-13
"YGR082W",833.852033384326,-0.580828939371021,0.0308696972417059,-18.8155048889272,5.63689072846039e-79,1.8553192019655e-77
"YGR083C",846.291238582247,-0.388227108295596,0.0766370101359167,-5.06579141862489,4.06707058369113e-07,1.08650013767811e-06
"YGR084C",427.524186489533,-0.314213254154834,0.0432482458335632,-7.26534101207375,3.72098349612744e-13,1.59774061017611e-12
"YGR085C",5397.43018361994,-0.292378595997194,0.0447204607391927,-6.53791555731793,6.23821265961074e-11,2.28380334675158e-10
"YGR086C",8671.75814640609,0.391032926148783,0.0501562271219398,7.79629865695647,6.37494081429186e-15,3.04536235149401e-14
"YGR087C",93.4345611456375,2.87264068089358,0.0979453271513861,29.3290222662034,4.42504725901665e-189,3.23828724412506e-187
"YGR088W",410.064800022221,-0.363100584752998,0.0824554243386494,-4.40359852205383,1.06469898131122e-05,2.50053407048134e-05
"YGR089W",605.053351335765,-0.0282512579923049,0.0732502391297072,-0.385681443882787,0.699732607207475,0.758503089344504
"YGR090W",892.515594533678,-0.755523238231867,0.0792865149552109,-9.52902569445337,1.58766243190761e-21,1.14361569309868e-20
"YGR091W",214.449899308513,-0.0416265306274348,0.049428684518382,-0.84215331710789,0.399702140455154,0.473326049955415
"YGR092W",560.844893461514,-0.0523042384349372,0.0448672620999522,-1.16575507367527,0.243713486177351,0.30559698713343
"YGR093W",380.318343777366,-0.0694866380273008,0.0492937512986228,-1.40964394465232,0.158644844257644,0.208744813245665
"YGR094W",6424.86807113475,-0.208324569221875,0.0401454960741574,-5.18923888341184,2.11155370728551e-07,5.81015118096681e-07
"YGR095C",620.451177401618,-0.409515593128375,0.0392374836542372,-10.4368464791741,1.68309207255634e-25,1.50559042485242e-24
"YGR096W",327.143459564102,1.07673085744314,0.0500459887044999,21.5148283671799,1.13097162003091e-102,4.65865495460636e-101
"YGR097W",2278.49626951248,0.215143267556579,0.0458948882164393,4.68773922145681,2.76239706853039e-06,6.84775835474613e-06
"YGR098C",260.724488026503,-0.460029742689036,0.0747881295698839,-6.15110640331195,7.69442739374895e-10,2.58069068949776e-09
"YGR099W",275.802252435256,-0.036961754309899,0.0354797643386958,-1.04177000605348,0.29751832329634,0.365963394105989
"YGR100W",1006.74078417898,0.146249876992977,0.0364528604815748,4.01202745301427,6.01994972809283e-05,0.000131006751596174
"YGR101W",412.704160721895,0.0715471721849024,0.0364591710034567,1.96239163468964,0.0497169059434703,0.0727046335002407
"YGR102C",277.30405439901,0.0815897801128754,0.0455191523843488,1.79242749126693,0.073064514373242,0.103503046617284
"YGR103W",2307.39375295178,-0.797183665901395,0.0920816050804797,-8.65736066616838,4.82813159915962e-18,2.82661423579736e-17
"YGR104C",264.284527019814,-0.0296594603474509,0.0502663809649979,-0.590045668258946,0.555160032713023,0.626262030999162
"YGR105W",653.243038519201,-0.155584946488995,0.05673682425487,-2.74222162647112,0.00610251513708805,0.0103652349698836
"YGR106C",2336.1480219286,-0.0876098938787141,0.0332194080859412,-2.63731050390966,0.00835663005576167,0.0139122115570147
"YGR107W",20.4292629712446,2.20260708542472,0.150470484023019,14.6381338488136,1.60410846338098e-48,3.13484719306755e-47
"YGR108W",339.851316403643,-1.2603795488511,0.0814156661219309,-15.4807988300865,4.67629899643944e-54,1.04442405183464e-52
"YGR109C",30.1926659311979,0.129446444628134,0.115451563743803,1.12121863429574,0.262194809706638,0.326332204807664
"YGR109W-A",0,NA,NA,NA,NA,NA
"YGR109W-B",553.627120843548,0.244523497368902,0.0325342963731258,7.51586862566621,5.65343026820386e-14,2.57378867074615e-13
"YGR110W",148.61211669837,1.50788148134354,0.0857262739127045,17.5894905088144,2.96531668957379e-69,8.42909649073475e-68
"YGR111W",386.2307671979,0.217511874477066,0.0500078757317284,4.34955237138901,1.3641570315328e-05,3.17564677492864e-05
"YGR112W",363.214287140178,-0.14414313400635,0.0618305821287389,-2.33125953280249,0.019739678671673,0.0309950352847383
"YGR113W",400.103169833106,0.0128763920157858,0.0469477613057146,0.274270628836533,0.783876654154109,0.829972271800269
"YGR114C",0.165179402742496,-0.576431265699723,1.51118364097071,-0.381443558593217,0.702874144630677,0.761402023486732
"YGR115C",0,NA,NA,NA,NA,NA
"YGR116W",1672.47632178027,-0.110704832561144,0.0398965612048509,-2.77479635381919,0.00552362834133232,0.00943556974423269
"YGR117C",505.328919741968,-0.0551575807565302,0.0336936535104973,-1.63703175553063,0.101623834524058,0.139870019546017
"YGR118W",10197.7977203633,-0.228032907675106,0.0606715583748652,-3.75848113651841,0.000170947923714175,0.000353563068920569
"YGR119C",1065.14322005452,-0.132285347105627,0.0366689206689537,-3.60756042698657,0.000309089567170982,0.000621522108321889
"YGR120C",171.393103880791,0.059980245076364,0.0630218516435181,0.9517372706794,0.341230242399721,0.411811024117137
"YGR121C",574.561153469567,0.148935138676197,0.0566136576727589,2.63072807514185,0.0085202178196702,0.0141674107762899
"YGR121W-A",13.0247309362295,0.233704938510709,0.145398737924842,1.60733815056575,0.107980209681976,0.147526487070966
"YGR122C-A",23.7467869385765,0.17831765324262,0.117548225346723,1.51697443935585,0.12927313762715,0.173343689724829
"YGR122W",388.614862543061,-0.0788959473467192,0.040168723185325,-1.96411389485097,0.0495168852066188,0.072442929250602
"YGR123C",420.126163133635,-0.941562784570907,0.0872992510340224,-10.7854623426719,4.03210625698058e-27,3.9398947360468e-26
"YGR124W",7516.53703366623,-0.149301374672958,0.0585135376994511,-2.55156978270276,0.0107238846427034,0.0175224708924362
"YGR125W",810.574942460715,0.152109080334226,0.0300186665768709,5.06714979976574,4.03816491769433e-07,1.07961665249978e-06
"YGR126W",37.1711259952919,-0.939720857612923,0.0898206263221188,-10.4621944434328,1.28836673368893e-25,1.16308067730265e-24
"YGR127W",395.326035262055,0.190856738262874,0.046387806679901,4.11437297693079,3.88233269747518e-05,8.60114867179768e-05
"YGR128C",338.417190189359,-1.23975693919862,0.120282075717921,-10.3070796858048,6.54602496223028e-25,5.74363593305894e-24
"YGR129W",147.390851226621,-0.232302808787228,0.059014469287163,-3.93637037820079,8.27232689436025e-05,0.000177154873518534
"YGR130C",3457.16236653522,0.0593844524013786,0.0447170357647581,1.32800511898376,0.18417641583171,0.238821784072824
"YGR131W",162.65815510741,-0.482258471518205,0.0624373558360474,-7.72387723760363,1.12843525905023e-14,5.34239927529701e-14
"YGR132C",1727.91894056531,-0.239807036547115,0.0556525703964723,-4.30900198928306,1.63992893386073e-05,3.79195668437914e-05
"YGR133W",206.872059429836,0.34979725645996,0.0385150654498056,9.0820891091521,1.06510517875443e-19,6.87967936587017e-19
"YGR134W",559.547757846329,0.0384202722440523,0.0351582337611035,1.09278163701607,0.274489685962343,0.340218837790083
"YGR135W",3186.89886479689,0.124964286360744,0.0485761508937505,2.57254401720868,0.0100954117550568,0.0165782615094381
"YGR136W",812.947079118234,0.00855008607098862,0.0674393059561218,0.126781940439179,0.899112989824633,0.92520542363555
"YGR137W",233.733804157378,0.409041793888623,0.094282106635653,4.33848805976874,1.43466277727404e-05,3.33731920267769e-05
"YGR138C",989.040831821364,-0.85762588844774,0.0948495238307794,-9.0419630358696,1.53883127039874e-19,9.86544297210899e-19
"YGR139W",12.5703353350594,-0.0272819124587502,0.184494045435847,-0.147874216722278,0.882442036549699,0.913029105510065
"YGR140W",231.936535323531,-0.031843518392311,0.0641133081374172,-0.49667564063391,0.619417802947702,0.686589601430429
"YGR141W",653.212731384071,0.156834182696791,0.0568691966611026,2.75780548882032,0.00581908123060074,0.00991810202807297
"YGR142W",255.090470599725,-0.159176729965614,0.121711287416125,-1.30782225169796,0.190933605022924,0.246839366463577
"YGR143W",1122.22150981452,-0.342281494119433,0.0417669126719352,-8.19503937980615,2.50511135265097e-16,1.32457040698586e-15
"YGR144W",87.2161781530926,1.03787523785814,0.0889142227062802,11.6727696229957,1.75611365267052e-31,2.04750946046111e-30
"YGR145W",711.485776485266,-0.745038633996861,0.110042586395277,-6.77045731477681,1.28375956720434e-11,4.9252549151136e-11
"YGR146C",880.347024456889,-0.0629820080489731,0.0672519611908467,-0.93650812457712,0.34901163143858,0.420611599976523
"YGR146C-A",10.646562770287,0.230684595504353,0.167161698074191,1.38000868716928,0.167583970096406,0.219541064614964
"YGR147C",920.242550918415,-0.213209555392303,0.0621274098412068,-3.43181143294484,0.000599564284405143,0.0011657441244836
"YGR148C",4956.36872605924,-0.325362135857631,0.0835578314992625,-3.89385566881906,9.86633666742817e-05,0.000209025346274217
"YGR149W",408.049533513211,-0.331970664711153,0.0741780680770672,-4.47532098525742,7.62966019817582e-06,1.81984856113909e-05
"YGR150C",413.079899571191,-0.24289629795382,0.0551378426781525,-4.40525574008473,1.05659149919948e-05,2.48318856268985e-05
"YGR151C",0.768427398544243,0.680410822199785,0.718904851980647,0.946454625149896,0.343916755190496,0.414980417287393
"YGR152C",301.184408950661,0.272261655810972,0.0457575940269788,5.95008679106786,2.68000338523963e-09,8.61080956892267e-09
"YGR153W",140.345225169452,1.25428937973358,0.0602411015793724,20.8211561018843,2.78387469535258e-96,1.06984771113578e-94
"YGR154C",159.259058263915,-0.447823180814874,0.0745263480660601,-6.00892425881279,1.86758342317337e-09,6.06854339537534e-09
"YGR155W",4614.06701229278,-1.03245902889299,0.0394754586061785,-26.1544530538119,8.7703295900154e-151,4.98604109501785e-149
"YGR156W",371.785096304779,0.0853512078881302,0.0477630743068032,1.78697056516677,0.0739422461028811,0.104703316373347
"YGR157W",1125.77316355692,-0.858081112488436,0.0437446091164075,-19.6156996215242,1.13563644771262e-85,3.86734808109659e-84
"YGR158C",373.547062256551,-0.803444672096258,0.0840244983132188,-9.56202879190365,1.15470556377468e-21,8.39663802664487e-21
"YGR159C",4029.12402512284,-1.06583595882019,0.103510191595255,-10.2969180367071,7.27549531382411e-25,6.36744685290026e-24
"YGR160W",1.74572900188031,-0.334330847305881,0.379754490387426,-0.88038681771688,0.378649795253651,0.451761765453953
"YGR161C",3021.50920239628,0.667103040823514,0.0702215356173937,9.49997796200678,2.09934725651799e-21,1.50274815583634e-20
"YGR161C-C",0,NA,NA,NA,NA,NA
"YGR161C-D",1525.22838681663,-2.09652273725634,0.0469672802568832,-44.6379421118192,0,0
"YGR161W-A",0,NA,NA,NA,NA,NA
"YGR161W-B",714.588229848375,-1.37557358256112,0.0422862859215993,-32.5300165900476,4.01426601570655e-232,3.63343893711123e-230
"YGR161W-C",556.497469479577,1.12691278740987,0.086653472957323,13.0048196448499,1.14869593950223e-38,1.72154234593373e-37
"YGR162W",2499.04900260352,-0.74764731278863,0.0704863902498218,-10.6069740575276,2.7656096793462e-26,2.59544733754741e-25
"YGR163W",598.68919040103,0.303667894337306,0.036132086914331,8.40438292582713,4.30117129054121e-17,2.37271510085268e-16
"YGR164W",15.3807029628574,-0.339567687701964,0.165153516805338,-2.05607300571263,0.0397754797554383,0.0593011541477373
"YGR165W",393.579949847627,-0.225639806944914,0.0374882771289105,-6.01894309970579,1.75559563590683e-09,5.71274473954734e-09
"YGR166W",533.455299172853,-0.223917418826852,0.0362341195489806,-6.17973947246502,6.42074706902937e-10,2.16936734223247e-09
"YGR167W",2311.79242482826,0.146442474048038,0.034960636588035,4.18878167962641,2.80456045827631e-05,6.31508065220383e-05
"YGR168C",232.871805570733,-0.239023613393455,0.0695616996577599,-3.43613819917339,0.000590069892870243,0.00114858256736118
"YGR169C",286.68214546407,0.044310125640666,0.0499565361839791,0.886973537906659,0.37509314752301,0.448118402537476
"YGR169C-A",545.407125402069,0.0816302049886921,0.0709217757427437,1.1509892996023,0.24973663770089,0.312238882359946
"YGR170W",785.922594565327,-0.0733704331164296,0.0467860593342624,-1.56821143221821,0.116831797270517,0.158466431631127
"YGR171C",227.408300141857,-0.19102111166661,0.0407170189282791,-4.69143165915667,2.71299895711874e-06,6.73015500397398e-06
"YGR172C",500.941003493534,-0.0164049552960362,0.0395914440284005,-0.414356073606921,0.678613353626768,0.738987060249887
"YGR173W",394.15993454803,-0.750327816810165,0.0753669854101712,-9.95565648176906,2.38245218958249e-23,1.89686210788634e-22
"YGR174C",430.561619876416,0.263658021331611,0.0524124324066882,5.03044810601017,4.89334822029741e-07,1.29766161940732e-06
"YGR174W-A",19.8608203725535,0.634672257973154,0.152297310998464,4.1673241228767,3.08196132799368e-05,6.90130598153272e-05
"YGR175C",2835.27725138412,-0.452728521246142,0.0612440636130034,-7.39220251789462,1.4441633948293e-13,6.40103092334455e-13
"YGR176W",33.2950922258707,-1.43478311564456,0.132328639124102,-10.8425744052198,2.16297235734054e-27,2.13473268954743e-26
"YGR177C",198.980272493998,-1.70187359303801,0.0943717823786221,-18.0337125159939,1.05934125776197e-72,3.19614408427395e-71
"YGR178C",2695.88101934598,0.350680801945636,0.0269780862502413,12.9987278820602,1.24395298728327e-38,1.84819710572822e-37
"YGR179C",302.271128186917,0.273830085479452,0.0364981064759416,7.50258333702742,6.257220676853e-14,2.8449055542678e-13
"YGR180C",4430.3175360739,-0.707542472123883,0.0301129797288031,-23.4962623591553,4.45386824628672e-122,2.07014592339232e-120
"YGR181W",468.928287865395,0.218693764989617,0.0421004417832829,5.19457173669029,2.05191641427574e-07,5.65283660945246e-07
"YGR182C",269.60216328744,0.188844303997067,0.0572725003739256,3.29729456133615,0.000976210613592432,0.00184285203372732
"YGR183C",415.292914447279,0.0308754841750614,0.0833374936422508,0.370487314000622,0.711019427121684,0.768075163186254
"YGR184C",1358.92879513959,-0.0135343982253804,0.0360509694613026,-0.375423974101677,0.707345177869835,0.764826702069569
"YGR185C",2348.42058761449,-0.366566150327169,0.0323604084817651,-11.3276119655204,9.57805656018917e-30,1.05251519293197e-28
"YGR186W",2116.3848137037,0.206518559953063,0.0559089739486876,3.69383562901016,0.000220896619501896,0.000451708634231136
"YGR187C",383.599671714309,-0.705238919046737,0.0761541989767683,-9.26067017344477,2.03153049723014e-20,1.37955560616448e-19
"YGR188C",95.0376938862639,0.370646767240708,0.0673761959070367,5.50115307418237,3.7731544238412e-08,1.10968487736655e-07
"YGR189C",6664.54344532557,0.633189188823268,0.0733684438801201,8.63026602905554,6.12094399522393e-18,3.56226512209352e-17
"YGR190C",21.6081813578981,-0.811730197006258,0.142663887736492,-5.68980847140216,1.27181942331188e-08,3.85921738551498e-08
"YGR191W",1236.90154317082,-0.243397589724623,0.0410224965360747,-5.93327101656481,2.9695805828396e-09,9.50127666481564e-09
"YGR192C",216942.382850498,-0.625700023919268,0.094513901117063,-6.62019043256176,3.58736424045904e-11,1.34043881641052e-10
"YGR193C",1201.50920936801,0.105985998553784,0.0368185769587272,2.87860116572652,0.00399443142281348,0.00696166550735595
"YGR194C",538.510380342755,0.107530016878513,0.0638214143122453,1.68485794364293,0.0920159823720421,0.127719520326327
"YGR195W",478.35992717892,-0.374988909471362,0.0457959041541008,-8.18826304224814,2.6502310058982e-16,1.39807815104093e-15
"YGR196C",646.362457474062,0.108008002012679,0.0318849499390175,3.38742893494431,0.00070550991874892,0.0013564009868848
"YGR197C",332.34627355533,0.566306830801882,0.0413592075963467,13.6924004040132,1.12722927026637e-42,1.92890799755283e-41
"YGR198W",793.665145062276,-0.0643037873301063,0.0521113943909257,-1.23396788901323,0.217214869996592,0.276582031705855
"YGR199W",544.316898045236,-0.0307745929401306,0.0273986064990265,-1.12321745053801,0.261345152970044,0.32542005753708
"YGR200C",691.48729846739,-0.681709234102023,0.0867788053780522,-7.8557112088851,3.97510021890755e-15,1.92568411308909e-14
"YGR201C",240.573378847062,-0.102187780249499,0.082288599703629,-1.24182183944725,0.21430230302419,0.273402363223925
"YGR202C",910.801551057566,-0.366057347233994,0.040429382441123,-9.05424038487554,1.37521612505047e-19,8.86608409018012e-19
"YGR203W",379.890214498269,0.649279433129243,0.107152783052928,6.05938002383506,1.36647205888649e-09,4.48685503249650e-09
"YGR204C-A",41.2663442389273,-0.188453427766775,0.145569870859402,-1.29459088377424,0.195461398844779,0.251935349944395
"YGR204W",6203.5687276144,-0.0815327281089812,0.0936160969798497,-0.870926376331739,0.383794353885073,0.45668938944394
"YGR205W",604.229486163476,0.047387897484181,0.0620665664490137,0.763501192274089,0.445164551556442,0.51859220155068
"YGR206W",144.033267357564,0.0918640269428585,0.0786254258491796,1.16837557254155,0.242655303773079,0.304325585169555
"YGR207C",731.224926353902,0.312333445334,0.0530634418154352,5.88603819594583,3.95562933366561e-09,1.25568870264355e-08
"YGR208W",802.214551103852,-0.519117134189083,0.0914006499378347,-5.67957814897548,1.35027346763167e-08,4.09006216813661e-08
"YGR209C",3651.67089616499,-0.074781970660472,0.0783884229717142,-0.953992539018886,0.3400874190447,0.410575878485169
"YGR210C",1301.70603089242,-0.363030842887615,0.056353888992833,-6.44198385197133,1.17921830135591e-10,4.2492628051479e-10
"YGR211W",719.468886254543,-1.23595819512988,0.0946217010769696,-13.062100776697,5.42108739685674e-39,8.26866079888637e-38
"YGR212W",134.260189810514,-0.0910567702230819,0.0654423830859096,-1.39140364285859,0.164103060590618,0.215308974595243
"YGR213C",144.974063368286,-0.0492756916721311,0.0888902615711805,-0.554342970772706,0.579344147434704,0.649707921454732
"YGR214W",10778.9341719874,-0.436738142469671,0.0494204132073223,-8.83720135316397,9.81461598818328e-19,5.98004812955826e-18
"YGR215W",216.825923641172,-0.136311493356295,0.0771828561960831,-1.76608511364228,0.0773815705401941,0.109034785691519
"YGR216C",386.592718877806,-0.024455462591354,0.05125583685254,-0.477125418158928,0.633272815729033,0.698671954397521
"YGR217W",390.78323010857,0.0481440985522908,0.0596442841676979,0.807187129900447,0.419558679485229,0.492348030736761
"YGR218W",1688.42368848979,-0.185343145734065,0.0475620525681226,-3.89687020905165,9.7443806348154e-05,0.000206505219922659
"YGR219W",9.15776183335097,0.0750845928323456,0.199740019423053,0.375911612751548,0.706982606929244,0.76478922798442
"YGR220C",278.980766286289,-0.234966441294042,0.0417821608903154,-5.62360673280794,1.87011126462009e-08,5.60544461408347e-08
"YGR221C",331.68098284806,-0.0191121563005072,0.0600740353722702,-0.318143373956351,0.750376183812753,0.801632361038673
"YGR222W",285.044120244809,0.0710956453036874,0.0500272332682777,1.42113886095654,0.155276394463638,0.204900502113057
"YGR223C",808.354931687301,0.468144196018576,0.0340199101077444,13.7608886835949,4.38108157826803e-43,7.63263896670643e-42
"YGR224W",378.797352887509,0.0065889094618676,0.0471094693597301,0.139863801299785,0.888767602481054,0.91785502739336
"YGR225W",55.4117887731819,1.13698957269197,0.0915250911045916,12.4227089967346,1.96783352150563e-35,2.65947481226665e-34
"YGR226C",0,NA,NA,NA,NA,NA
"YGR227W",405.147905226642,0.0752815914352794,0.0399798184198237,1.88298982863693,0.0597017463976607,0.0860260396877896
"YGR228W",8.64505175168867,-0.00682346091774234,0.272841310656898,-0.0250088995002774,0.980047865055089,0.986934455235537
"YGR229C",1189.00857540585,-0.16094035630578,0.0443587631544095,-3.62815247453043,0.000285456667155049,0.000576528600516613
"YGR230W",143.321310002792,0.871248829169495,0.0592971413525542,14.6929313841529,7.15503034841778e-49,1.41435211973465e-47
"YGR231C",1923.25418104539,-0.000621010595914087,0.0338049770521781,-0.0183703895126317,0.985343374201448,0.991251399697538
"YGR232W",729.455787557755,0.578145690513298,0.0524280892959459,11.0274034067842,2.81886423335656e-28,2.88986096292992e-27
"YGR233C",651.546433346409,-1.37973834380821,0.0370431750117848,-37.2467625512465,1.19547907090393e-303,1.39384754724545e-301
"YGR234W",2947.42647852945,-4.19421948328566,0.0547186624021893,-76.6506215458557,0,0
"YGR235C",718.450551582856,0.377740971769543,0.0390485526565048,9.6736228636279,3.90310922828374e-22,2.90893698606326e-21
"YGR236C",28.53921051271,1.22244762250108,0.121344316210341,10.0742058687121,7.18387628663624e-24,5.94679722933462e-23
"YGR237C",1091.02626302428,0.147030340169372,0.0370363027950167,3.96989788595083,7.19034408084971e-05,0.000155200429658504
"YGR238C",303.397261705279,0.0391373054917426,0.0443095323133138,0.88327056162547,0.37709010527556,0.450113280269058
"YGR239C",185.016504186656,0.592716635759599,0.0509555556608386,11.6320316415492,2.83274131178029e-31,3.27502982919943e-30
"YGR240C",10088.2468785155,-0.232216724377393,0.0504274331774567,-4.60496816405885,4.1252896521588e-06,1.00881150078921e-05
"YGR240C-A",42.7576020212324,-0.0626118100223252,0.11426868363333,-0.547934989985854,0.583736542185779,0.653461948526603
"YGR241C",1342.22998768324,0.0650161011908338,0.0564027407200488,1.15271173635935,0.249028722604405,0.311467015053764
"YGR242W",18.157594154734,-0.344185423833047,0.131294024276437,-2.62148582717193,0.00875474024078426,0.0145433127544929
"YGR243W",844.774761021846,0.109186720241411,0.0854595689275756,1.27764183240784,0.201375743507209,0.258637740774102
"YGR244C",2441.30380281109,0.631037646109145,0.0673463069889642,9.37004082811179,7.25044760003236e-21,5.0532754853721e-20
"YGR245C",1403.46972945699,-0.753280159559785,0.107158802689398,-7.02956864629389,2.07173008220341e-12,8.42781267621362e-12
"YGR246C",675.127261971603,0.494224111462377,0.0402837871427428,12.2685612877242,1.33606259764726e-34,1.75062373508867e-33
"YGR247W",504.26082489199,0.0767385727917027,0.0632746298067506,1.21278580413782,0.225211724272412,0.285204611794905
"YGR248W",642.06440428935,0.122805605747158,0.0912847534046344,1.34530248663545,0.178527570881522,0.232197232008696
"YGR249W",585.968027337154,-0.867257870308952,0.0589002576895865,-14.7241778614881,4.50920093159524e-49,8.99095455317208e-48
"YGR250C",1442.92047389928,-0.301712777154605,0.0378488730017246,-7.97151284110515,1.56743603467572e-15,7.81332788589439e-15
"YGR251W",165.843285850969,-0.32917964815486,0.0835975567204307,-3.93767068164099,8.22764057232238e-05,0.00017637251323467
"YGR252W",519.809745811718,-0.0123340944833681,0.0452266137777181,-0.27271762029296,0.785070288925749,0.830845925772343
"YGR253C",2980.33942329128,0.188206340654627,0.062497333076319,3.01142995053562,0.00260020389253348,0.00466166342891265
"YGR254W",49298.0055097909,-0.354399466344895,0.0892212148100724,-3.97214347618237,7.12287948281448e-05,0.000153840778531494
"YGR255C",931.962110105438,0.162249545713851,0.0402381953606811,4.03222719755453,5.52507335631626e-05,0.000120657078152697
"YGR256W",120.194308356906,0.948752286071882,0.0876200134052521,10.8280317384089,2.53546684186851e-27,2.48808507920306e-26
"YGR257C",794.635933655233,-0.230497903435168,0.0372474577781784,-6.1882855148897,6.08220920422901e-10,2.06105995644785e-09
"YGR258C",731.986402376749,0.402861219481962,0.0593888618557484,6.78344738211157,1.17341543314993e-11,4.51702560975847e-11
"YGR259C",0.209738190377961,-1.00923885209977,1.04227861330891,-0.96830045173406,0.332894339240437,0.403165521062495
"YGR260W",2503.75308750455,-0.0503522010737682,0.0345328163267082,-1.45809715018306,0.144813766803865,0.19242300595785
"YGR261C",897.499130932875,-0.04598101503395,0.0449185467572915,-1.02365322018095,0.305999098179985,0.375150204309413
"YGR262C",689.651874420833,-0.0406929749373759,0.0525475698092118,-0.774402604823073,0.438692743738855,0.51200668208001
"YGR263C",250.29494090198,0.203228267610579,0.0411598417057793,4.93753763834431,7.9115140813224e-07,2.06148883959912e-06
"YGR264C",2338.94665708433,-0.70038746435008,0.0431481183253804,-16.2321670453495,2.98724271481633e-59,7.39181389756171e-58
"YGR265W",4.48735771685255,-0.49645588244531,0.246764615620105,-2.01186009265448,0.0442346872064974,0.065382555499247
"YGR266W",786.256180407541,0.394599555962039,0.0315043770176857,12.5252296130319,5.43338791261932e-36,7.50527619496151e-35
"YGR267C",1736.68327570069,0.108168558002999,0.0436327157914176,2.47907002901422,0.0131725440999197,0.0212808668067984
"YGR268C",705.606939167162,0.0739773355006272,0.120670686550151,0.613051418000196,0.539842341891675,0.611388783317885
"YGR269W",20.6200399133472,-0.484370121157597,0.115864992954831,-4.18046994873096,2.90907256463169e-05,6.52904083918479e-05
"YGR270C-A",0,NA,NA,NA,NA,NA
"YGR270W",1309.21670172018,0.04388401536535,0.0558148732326646,0.78624231900374,0.431725537765344,0.504903089814315
"YGR271C-A",149.779681678024,-1.13132273002024,0.13931412160595,-8.12066082733656,4.63652108791757e-16,2.41078069265192e-15
"YGR271W",674.79433865139,-0.207776237111663,0.0398987387315696,-5.20758910474685,1.91309977459086e-07,5.27674953865699e-07
"YGR273C",1.00725061312761,-0.708338939325085,0.591650086353393,-1.19722612345229,0.231218430309257,0.29195146514269
"YGR274C",711.113592491393,0.20900872674721,0.04937210028462,4.23333675380059,2.30249332693155e-05,5.23425366687447e-05
"YGR275W",566.194809266428,0.108377653905398,0.0558551949333097,1.94033256950942,0.0523392856322987,0.0762639156671431
"YGR276C",698.394841980694,0.0722281777784849,0.0294890673534878,2.449320519794,0.0143126020992178,0.0229877165165816
"YGR277C",539.879135812935,-0.0259416741435146,0.0473874982545926,-0.547437089929103,0.584078479698344,0.65373834393832
"YGR278W",246.879376273382,0.0990159137867009,0.0669545419441503,1.47885282927175,0.139179652785596,0.185438084739902
"YGR279C",4429.69872744279,-0.212341299516517,0.0660110413696732,-3.21675427490031,0.00129649589070203,0.00241500006285926
"YGR280C",643.788438500961,-0.942416417852966,0.101280907798625,-9.30497601509219,1.34022580851878e-20,9.19183782333072e-20
"YGR281W",1145.9531554198,-0.712690259436435,0.0297159444873472,-23.9834294932101,4.14116088980656e-127,1.97826706673467e-125
"YGR282C",10512.3506646695,0.176257526914275,0.0554591298589541,3.17815168327631,0.00148217187852087,0.00273714371875036
"YGR283C",331.535533605402,-0.432836175188317,0.0616271791439567,-7.02346239436407,2.16436423428103e-12,8.79424782493751e-12
"YGR284C",1160.45706628048,0.332170165625222,0.0316309729687846,10.5014210581833,8.50894052507133e-26,7.77330702150939e-25
"YGR285C",6739.6444244295,-0.188708305166097,0.0383122816310193,-4.92553032950433,8.41318592149302e-07,2.18393607373398e-06
"YGR286C",845.19315952844,-0.48255373208861,0.0816653774491217,-5.90891448936541,3.44369391212246e-09,1.09722882915657e-08
"YGR287C",301.592126114595,0.330297288176768,0.05553627904572,5.94741480438133,2.72410467199971e-09,8.74842018612793e-09
"YGR288W",243.703539454469,-0.154317223612299,0.0671780667679452,-2.29713701267053,0.0216109549277514,0.0337025071294496
"YGR289C",604.826613557028,0.403722487895266,0.0632442400555584,6.383545561471,1.73034081615288e-10,6.14190633349623e-10
"YGR290W",6.77797989044137,-0.150039893857247,0.256492266250468,-0.584968490670714,0.558568903790395,0.629458786547471
"YGR291C",1.36698950626205,0.220125349396491,0.529825217062371,0.415467860546505,0.677799438177552,0.738334494888896
"YGR292W",213.435209960676,0.397355326392157,0.0845491329442683,4.6996972358555,2.60547476273645e-06,6.49151064573126e-06
"YGR293C",19.788919930644,0.0341164414776558,0.146374949668763,0.233075683748203,0.815702636517037,0.857853300198853
"YGR294W",24.409761660196,0.193877288914761,0.113750838574282,1.70440316172398,0.0883057936563657,0.123041432967823
"YGR295C",1027.54494257174,0.0544508624713784,0.0590329958925677,0.922380130774183,0.35633033005214,0.428306192631255
"YGR296C-A",0,NA,NA,NA,NA,NA
"YGR296C-B",0,NA,NA,NA,NA,NA
"YGR296W",828.477695948657,0.431006578051722,0.0489451026571524,8.80591835859064,1.29785491842259e-18,7.87296647603965e-18
"YHL001W",5669.77305186689,-0.279262610234649,0.0731986342917707,-3.81513416113072,0.000136108965211356,0.000284242128624444
"YHL002C-A",0.570171804919727,-0.584549345989193,0.679093231647826,-0.860779225513377,0.389359648898493,0.462591541411526
"YHL002W",754.817010770616,0.0595920007991114,0.067988227274145,0.876504700715641,0.380755722046224,0.453780078301451
"YHL003C",1066.06676680069,-0.206458880664203,0.0258250196389245,-7.99452947377511,1.30069641373793e-15,6.56455658848365e-15
"YHL004W",732.596679367219,-0.387033840170881,0.034233344769271,-11.3057559166201,1.22891280196775e-29,1.34398905639684e-28
"YHL005C",31.6685396242344,-0.507043766912805,0.146321278159242,-3.46527704850273,0.000529685509333844,0.00103838889105372
"YHL006C",137.518577327669,0.362381299391641,0.101006882058445,3.58768919509821,0.000333621639096142,0.000668701414726794
"YHL006W-A",32.3261205278873,0.176993890661874,0.124875659252694,1.41736101111358,0.156377405721949,0.20615564851692
"YHL007C",1047.800714756,-0.172117469201923,0.0467712878760634,-3.67998139495339,0.000233250970940147,0.000474995094463372
"YHL008C",578.499457228344,-0.100445567838614,0.0496823517569412,-2.02175549841159,0.0432016172546583,0.0639517807391423
"YHL009C",302.740660784127,0.00102923397151946,0.0437919941602521,0.0235027883807503,0.981249214294225,0.987710468997655
"YHL009W-A",0,NA,NA,NA,NA,NA
"YHL009W-B",73.2563173079295,-0.478319373608795,0.0707361133289233,-6.76202509720329,1.3607612366911e-11,5.2032665632007e-11
"YHL010C",370.900496603579,0.0724459116293632,0.0496996931304368,1.45767321820738,0.144930637370958,0.192503930194018
"YHL011C",1128.67609307384,-0.642951784575565,0.0599917619112001,-10.7173345821592,8.44005705399722e-27,8.13153396000656e-26
"YHL012W",67.4666995445796,-0.966562117679606,0.165694451137406,-5.83340064223432,5.43089522839183e-09,1.70201039982266e-08
"YHL013C",282.028768791622,-0.109997433094063,0.0545135477530402,-2.01779993465804,0.0436121017076851,0.0645316514620705
"YHL014C",246.741944295499,-0.192085140789247,0.0511691847026692,-3.75392224647321,0.000174088884976636,0.000359734887279747
"YHL015W",17715.4921541446,-0.343268153080677,0.0429848126138707,-7.98580084934251,1.39612924526326e-15,7.01019932712842e-15
"YHL015W-A",12.7630878869299,1.27504286894174,0.183756070094655,6.93877959125348,3.95501617483591e-12,1.57354287256774e-11
"YHL016C",159.205208294132,0.44736476998615,0.0495651523296676,9.0257922947687,1.78399694781212e-19,1.13525578205362e-18
"YHL017W",788.638585260217,-0.0629169206453971,0.0511441259855917,-1.23018859806348,0.218626488568183,0.278042450519602
"YHL018W",26.2174399966223,-0.701660132214557,0.134362925263033,-5.22212605032949,1.76880495916793e-07,4.89839344368606e-07
"YHL019C",348.618071855656,-0.143536447524301,0.0420115802356717,-3.41659244234821,0.000634101311688917,0.00122699941578286
"YHL019W-A",7.10065810278493,0.301720695659324,0.196086104212696,1.53871533564686,0.123873806755145,0.166887566915128
"YHL020C",1504.73760979095,0.762969799076899,0.0690442026207044,11.0504542034946,2.18108564001592e-28,2.24606109545951e-27
"YHL021C",1838.77790693061,-1.65419474658751,0.127214480771659,-13.0031953638727,1.17336180480039e-38,1.75087979505897e-37
"YHL022C",26.558616877409,-0.216591686404573,0.0995681091371085,-2.17531183710961,0.0296067560853601,0.0451685240876452
"YHL023C",633.5733211852,0.382377109641789,0.0323266355640422,11.8285464283551,2.77912663760769e-32,3.34223988463345e-31
"YHL024W",276.107576149742,-0.0417554391867892,0.0515447784439346,-0.81008087428694,0.417893695756414,0.491652254679044
"YHL025W",1870.42148182219,0.554412543055895,0.0913806777950174,6.067065340657,1.30268569409771e-09,4.28354440234137e-09
"YHL026C",232.964850514906,0.14990708287414,0.0791170098828823,1.89475162289435,0.0581253150637829,0.0839655695765987
"YHL027W",1590.76515138492,0.136272748723227,0.0613131338236392,2.22257027532145,0.0262447904242816,0.0403707319607855
"YHL028W",399.731125694385,0.187274172580045,0.0977529111775846,1.91579125699724,0.0553916710498613,0.0803710831368901
"YHL029C",443.573081197047,0.147463658162108,0.0703092776725794,2.09735703513874,0.0359619814441442,0.0541081518710122
"YHL030W",1145.10367298657,-0.00123485908495512,0.0460080754682139,-0.02684005084734,0.978587308757418,0.985607920489352
"YHL030W-A",0.500597668993848,0.201225038326735,0.729800792264578,0.27572597955441,0.782758540031586,0.829285802626208
"YHL031C",197.677314058669,0.366568425095805,0.0873142425628095,4.1982661056942,2.6896646102327e-05,6.0662960176363e-05
"YHL032C",1461.67526762082,0.23208297016666,0.0586027479784492,3.9602745293106,7.48636488285575e-05,0.000161134868676986
"YHL033C",7214.68720263912,-0.539956684678851,0.0658974937467692,-8.19388802180848,2.52920379582997e-16,1.33628209765855e-15
"YHL034C",2229.37280445589,-0.042658782606483,0.0377825653861768,-1.12905998230841,0.258872531158851,0.322722751330507
"YHL034W-A",68.1012497754027,0.356689113829505,0.109722718447847,3.25082279107991,0.00115071558021149,0.00215512455112302
"YHL035C",806.590459406505,-0.815017938262521,0.0506937904827454,-16.0772735773216,3.68231797601134e-58,8.70469599896288e-57
"YHL036W",347.677410190657,-0.90604579888677,0.120259275298593,-7.53410326677205,4.91702039006333e-14,2.24894835526899e-13
"YHL037C",17.1506813478361,1.07563819740564,0.168083526170929,6.39942665357813,1.55961476784517e-10,5.57010770440959e-10
"YHL038C",223.886317094401,0.231774122011277,0.0438574750404506,5.28471194015403,1.2590271167837e-07,3.52496847226498e-07
"YHL039W",399.003489863229,-0.556122197373025,0.0879417869425474,-6.32375366373145,2.55284581133852e-10,8.89616329088029e-10
"YHL040C",438.278905091973,-0.86112085073167,0.0533798458347733,-16.1319471284555,1.52147001976066e-58,3.64675688708487e-57
"YHL041W",2.79613244835019,0.481592409557872,0.327635601868156,1.46990255885461,0.141588146455546,0.188391655603037
"YHL042W",40.8312697204568,0.233995232492202,0.0913427038883093,2.56172877013059,0.0104152621735383,0.0170585324459645
"YHL043W",106.48270796154,0.299521655373267,0.0619395601944676,4.83570846213435,1.32672251667676e-06,3.38019414526645e-06
"YHL044W",158.912150455322,0.150822882104998,0.0493297851813414,3.05744048044315,0.00223235969636144,0.00403797064193278
"YHL045W",4.35728694505507,0.443154445301485,0.259281726455708,1.70916188872719,0.0874209662247801,0.121982231112613
"YHL046C",26.7712883582538,-0.291374396269426,0.113015819225149,-2.57817355364166,0.00993240982735597,0.0163339821186664
"YHL046W-A",8.92896804570852,-0.550992232490359,0.209232030634092,-2.63340288205653,0.00845340075226747,0.01406650792812
"YHL047C",1578.11047112545,-1.84518987553304,0.0500448736542067,-36.8707070434962,1.36248561532227e-297,1.53648172914785e-295
"YHL048C-A",0.991271576674615,0.45285905652094,0.535941564307823,0.844978420559365,0.398122887617175,0.471699508081045
"YHL048W",475.659682301121,0.753817555414953,0.0777525404744415,9.69508585591161,3.163714836186e-22,2.37589458058117e-21
"YHL049C",52.1322349006721,-0.103214172770512,0.0956496879562332,-1.07908530572248,0.280549701138768,0.347042149637401
"YHL050C",732.28865425043,0.791773367628124,0.0656266534728903,12.0648140005371,1.62028028139643e-33,2.07173012188216e-32
"YHL050W-A",0,NA,NA,NA,NA,NA
"YHR001W",448.654373828546,0.167607531751576,0.0386874562727412,4.33234820531921,1.47527373436974e-05,3.42851622254374e-05
"YHR001W-A",293.989528891528,0.34396200678366,0.0854212877574588,4.02665443021989,5.65760864646037e-05,0.000123394704752698
"YHR002W",256.5142998749,0.462453343227076,0.0436096796008637,10.6043737871882,2.8436252331417e-26,2.66502697258607e-25
"YHR003C",388.623076550039,-0.137339676282676,0.0500939117547987,-2.74164407353394,0.00611325444842051,0.0103783507775629
"YHR004C",782.466347279901,0.181808086217751,0.0304449178272351,5.97170559794092,2.34785933580931e-09,7.58972009916929e-09
"YHR005C",561.791342527645,-0.237362118414158,0.0506726247171178,-4.68422782003582,2.81017311611331e-06,6.96117424045497e-06
"YHR005C-A",1484.85480000956,-0.127423973682705,0.036060013016834,-3.53366410664408,0.000409841569887096,0.000813650839611352
"YHR006W",1060.55850500379,0.467779778072786,0.0415759284673422,11.2512166370554,2.28419323077888e-29,2.47059201800753e-28
"YHR007C",4916.39476930118,-0.843499372977765,0.0612343853107558,-13.774930028237,3.60732426313078e-43,6.31419430180068e-42
"YHR007C-A",47.9414649289787,1.86139167291741,0.105539383782514,17.6369389909761,1.28221199666449e-69,3.67514013543958e-68
"YHR008C",2827.9575851652,0.288618318249555,0.0663558506635557,4.34955343595755,1.36415040952597e-05,3.17564677492864e-05
"YHR009C",1487.72328949533,0.031967066177987,0.0343090534025818,0.931738506536046,0.351471681177211,0.423131553170815
"YHR010W",10993.8324313556,-0.253196086825317,0.0735090766085948,-3.44441936297854,0.000572287312336868,0.00111617930863774
"YHR011W",222.875468779452,-0.0378735079081182,0.0469129567216508,-0.807314451161831,0.419485340286492,0.492348030736761
"YHR012W",750.248231137696,0.257565262595424,0.0578870408319037,4.44944600542563,8.60920695886012e-06,2.04286770162121e-05
"YHR013C",828.841055274491,0.0548912907142419,0.0403528536582922,1.36028274924646,0.173740465216141,0.226570741274282
"YHR014W",25.205678614288,0.606278272141283,0.12753812722328,4.75370217001758,1.9972519159782e-06,5.03079309044819e-06
"YHR015W",14.1539848462101,0.136916251617951,0.149445286048664,0.916163067019505,0.359581373454459,0.431836638965297
"YHR016C",1098.60574531341,0.185714639842046,0.0676559295810547,2.74498689164491,0.00605133147532285,0.0102884600145195
"YHR017W",506.619249731292,0.298231895967061,0.0545491729624561,5.46721205420148,4.57169013152034e-08,1.33653448426385e-07
"YHR018C",2307.38010788039,0.261133547111001,0.15071191500599,1.73266690361292,0.0831548902939892,0.116572751239526
"YHR019C",6127.92569704591,-0.24497746228437,0.0477946805958571,-5.12562191503807,2.96557193182016e-07,8.0601222121655e-07
"YHR020W",2881.57331856988,-0.352655218652505,0.0474871870223368,-7.42632362044576,1.11657617725793e-13,4.99085609055054e-13
"YHR021C",6319.0300965005,-0.238232256053157,0.066605614300359,-3.57675938516002,0.000347880111742622,0.000696266304532295
"YHR021W-A",11.2791686397626,-0.367185701714131,0.151373165009254,-2.42569878017471,0.0152789458471503,0.0244257189129787
"YHR022C",58.1969768814134,-0.594150980653909,0.08578209164105,-6.92628227276269,4.3204398848683e-12,1.71595300046242e-11
"YHR022C-A",2.0710961291672,-0.588743645474345,0.347903877711044,-1.69225950957446,0.0905965044029737,0.125876258086862
"YHR023W",471.249235329733,-0.135215716156242,0.12500812692985,-1.08165540494915,0.279405675677814,0.345875768038093
"YHR024C",1018.25380044362,-0.298768331306197,0.0444536739129272,-6.72089177356643,1.80615713704843e-11,6.87959853031902e-11
"YHR025W",2369.27432059821,-0.266265743961763,0.0523484001221595,-5.08641607652592,3.64893073807507e-07,9.78977946459375e-07
"YHR026W",2934.605461691,0.272706054461147,0.0353792109577183,7.70808752029709,1.27717154427991e-14,6.01757743363115e-14
"YHR027C",3817.89476774784,-0.162164240482945,0.0562199086478761,-2.88446289549549,0.00392081959603317,0.00684377518424567
"YHR028C",1607.77847972495,0.340071624581974,0.036819465454022,9.23619124798636,2.55427738865677e-20,1.71926361610273e-19
"YHR028W-A",3.21455456617926,0.303486308832002,0.32847201432677,0.923933533436696,0.355520922604252,0.427548989907688
"YHR029C",360.238410316814,0.211721915077052,0.0621343538379977,3.40748558565641,0.000655643714066622,0.0012665467871565
"YHR030C",2428.36305523314,-0.959707476254623,0.0457680237228821,-20.9689516433022,1.26010090638032e-97,4.86979445785966e-96
"YHR031C",258.878077048771,-0.35540054912907,0.0781921591222338,-4.54521979081675,5.48779591071681e-06,1.32660978124863e-05
"YHR032C-A",15.6222561726945,-0.158494962659967,0.163384645518226,-0.970072568063231,0.332010321464062,0.402300911062933
"YHR032W",1178.25793084642,-0.537359074661351,0.093753891902464,-5.73159219054488,9.9492248133513e-09,3.04722695863952e-08
"YHR032W-A",95.7429319440212,-0.271463713212713,0.0919429726616544,-2.95252269264434,0.003151889024767,0.00557087476910899
"YHR033W",198.875675870765,-0.50901838334301,0.0832719664854024,-6.11272202190927,9.79458986080211e-10,3.26122863758266e-09
"YHR034C",322.294650318652,0.35424906804952,0.0462573758151575,7.65821799889997,1.8853067358565e-14,8.78660232788407e-14
"YHR035W",98.6548810372721,-0.415883270722979,0.0681157862967245,-6.10553431639645,1.0245733720369e-09,3.40485035084147e-09
"YHR036W",245.256116907573,0.0895036517701508,0.065612491288353,1.36412518428543,0.172528169751645,0.225203278884548
"YHR037W",934.158399204597,-0.17062146977567,0.0441269800198407,-3.86660201307576,0.000110362311206115,0.000232521390133803
"YHR038W",161.878860005361,-0.131165440649801,0.0847230363260392,-1.54816737380655,0.12158200435693,0.164089191283367
"YHR039C",1707.46440885766,-0.171869865487826,0.0274939886884304,-6.25117975552781,4.07363686262945e-10,1.40604856889252e-09
"YHR039C-A",2420.55101880614,0.244885617935887,0.0501358402007791,4.88444228630043,1.03722017130282e-06,2.67229871100828e-06
"YHR040W",365.033824116932,-0.355022734071629,0.0838163689373758,-4.23572076161981,2.27819750858631e-05,5.18073410299677e-05
"YHR041C",638.789786835155,0.373846630556822,0.0678099882351481,5.51314991031137,3.52467763324057e-08,1.03971944421363e-07
"YHR042W",4454.4379539958,0.184791175818297,0.067433525568664,2.74034575917485,0.00613745812615891,0.0104117322934272
"YHR043C",1041.09003665551,-0.0351497632861757,0.0596752444957121,-0.589017499353544,0.555849534722654,0.626628801926767
"YHR044C",225.499344338307,0.297918334506937,0.0410919419930516,7.25004271049816,4.16640228635436e-13,1.77906153493679e-12
"YHR045W",660.564093191879,0.216116289144397,0.0397590931052628,5.43564433354216,5.45987676509832e-08,1.58407812176766e-07
"YHR046C",320.553907620451,-0.443789030589626,0.04180530753103,-10.6156145427282,2.5212982955414e-26,2.37589191438757e-25
"YHR047C",886.613131685791,-0.255429990341433,0.0397171366902007,-6.43122872461384,1.2657652285373e-10,4.54921578218814e-10
"YHR048W",345.71961389037,0.140639930418169,0.0410195794956644,3.42860487960471,0.000606692074028253,0.00117827068809722
"YHR049C-A",69.3388603733871,-0.303309197553535,0.0722330899507698,-4.19903395743217,2.68056123851728e-05,6.04774705141369e-05
"YHR049W",978.43461667858,-0.689907925633632,0.042356559034789,-16.2881013320035,1.19893943429471e-59,3.01003809069829e-58
"YHR050W",1569.82396479746,0.373798304803763,0.0437654778086025,8.54093965198959,1.33134734737822e-17,7.5876871604099e-17
"YHR050W-A",43.5247393641928,-0.217655756241623,0.125584904802953,-1.73313629200207,0.08307144717087,0.11647951184028
"YHR051W",631.275729796923,0.0891631828871981,0.0574124510147055,1.55302867777514,0.120416283543552,0.162643552816826
"YHR052W",474.731681170788,-1.43652867729294,0.116105034361992,-12.3726648477113,3.67425568491492e-35,4.9078067682582e-34
"YHR052W-A",0,NA,NA,NA,NA,NA
"YHR053C",0,NA,NA,NA,NA,NA
"YHR054C",217.784522728082,0.308762867787086,0.128735307477356,2.39843189749166,0.0164654379851631,0.0261886122311993
"YHR054W-A",0,NA,NA,NA,NA,NA
"YHR055C",0,NA,NA,NA,NA,NA
"YHR056C",305.71116940383,-0.122413202926608,0.0867471749498553,-1.4111491584293,0.158200637672516,0.208200150478139
"YHR056W-A",0.033254435609976,-0.143630671664144,2.9566127034175,-0.0485794678140033,0.961254432953276,0.971421954500601
"YHR057C",1250.53801771186,0.0951824397878143,0.0932151438726296,1.02110489597992,0.307204743739434,0.376360005731712
"YHR058C",321.687753676089,-0.00721057405370542,0.0735453990479571,-0.0980424900407921,0.921898553699336,0.941731764135403
"YHR059W",179.463358389427,-0.0451766990310123,0.0617051727025369,-0.732137956226075,0.464084368812363,0.537537695413411
"YHR060W",332.612263273932,0.182376117446766,0.0441262998927381,4.13304804368561,3.57983859105209e-05,7.95918218094612e-05
"YHR061C",275.803252399026,0.592556201399727,0.0438163942023264,13.5236185493389,1.13454924279564e-41,1.88516044473218e-40
"YHR062C",389.667724726005,-0.828413889938801,0.103025747512667,-8.04084328373303,8.92223067028898e-16,4.54300701561198e-15
"YHR063C",937.675904901702,0.355131770673138,0.0287985108045827,12.3316019041035,6.12174803941503e-35,8.11397008923623e-34
"YHR063W-A",72.6932349154542,-0.231305043034901,0.131459428281072,-1.75951657526115,0.078489807431771,0.110483197324156
"YHR064C",3859.31437348549,-0.57311256416452,0.0573823615198963,-9.9876085435383,1.72697824689938e-23,1.39108704454577e-22
"YHR065C",409.716979577442,-0.9830272605758,0.098228402341862,-10.0075664180569,1.41182672965459e-23,1.14662999684698e-22
"YHR066W",235.27907398668,-1.58999507775304,0.16110435627131,-9.86934875352093,5.6530433609744e-23,4.4139937888925e-22
"YHR067W",124.136294685396,-0.087465082912826,0.0531031489275046,-1.64707902787896,0.0995418031959176,0.137207823533865
"YHR068W",3465.61801336393,-0.134530773487311,0.068033008300689,-1.97743384935616,0.0479926109661656,0.070422604700566
"YHR069C",357.102034520827,-0.545255941970551,0.082230096700824,-6.63085614448861,3.33745378625222e-11,1.24773611932766e-10
"YHR069C-A",0.373816511499547,-0.268213254329973,0.89296360879878,-0.300363029004928,0.763900261028289,0.813195588921944
"YHR070C-A",41.5869650467415,-0.314194447280993,0.0974491073160947,-3.22419010224325,0.00126329506294456,0.00235698582533105
"YHR070W",235.323028500309,-0.711017951639275,0.0815446402603916,-8.71937075654297,2.79752112475098e-18,1.66615998416987e-17
"YHR071C-A",5.10329583095167,-0.337381422225609,0.232813799029632,-1.44914701633587,0.147296530340228,0.195307022399852
"YHR071W",1693.23936356343,0.468538318323202,0.12321560732121,3.80258904297549,0.000143191775380341,0.000298399340454822
"YHR072W",926.986307307562,-0.229549979132885,0.0450808093555023,-5.09196667971686,3.54368390045318e-07,9.53343822886876e-07
"YHR072W-A",1333.49849957662,-0.181111563495374,0.0607409543633337,-2.98170427833617,0.00286648738343,0.00510579148384645
"YHR073C-B",0,NA,NA,NA,NA,NA
"YHR073W",1367.95550997622,0.0179991721103153,0.028953905875707,0.621649189148501,0.534172569108783,0.606365198498237
"YHR073W-A",0,NA,NA,NA,NA,NA
"YHR074W",1288.93879270364,-0.0931504089030671,0.0349431834172132,-2.66576767751448,0.00768127544774674,0.0128625836915895
"YHR075C",215.588097172032,0.230243313372975,0.047293034254813,4.86844028937609,1.12482498432332e-06,2.88503768350488e-06
"YHR076W",514.136004630007,0.113130022295129,0.0411193349385096,2.75126099350356,0.00593663234798791,0.0101059376198488
"YHR077C",1122.72179887287,-0.232930992608752,0.0530669685898815,-4.38937815364804,1.13675249022177e-05,2.66339250008024e-05
"YHR078W",501.339674425281,-0.240423378424616,0.0393226906607471,-6.11411310835382,9.7095423199808e-10,3.23604368309825e-09
"YHR079C",533.797584453438,-0.0153481446245859,0.0602233575745965,-0.254853685392328,0.79883610896442,0.843986114815888
"YHR079C-A",2.18331745269988,-1.20703828028571,0.389053207597202,-3.10250180878959,0.00191892375282452,0.00349491037746355
"YHR080C",825.650988600605,0.488522845416584,0.0394592374140142,12.3804431467062,3.33496278186502e-35,4.4719705607114e-34
"YHR081W",533.869080732728,-0.297572250361927,0.060276986221563,-4.93674732290242,7.94362813841633e-07,2.06907300129367e-06
"YHR082C",1697.13712344649,-0.0722651939359853,0.0378327209425752,-1.91012415008885,0.056117230229176,0.0812695635255792
"YHR083W",1136.56821875151,0.00706663273965072,0.0600258074351293,0.11772657531159,0.906284309148653,0.93049697949755
"YHR084W",483.063449576798,-0.324087162238755,0.0576782576447273,-5.61887920115391,1.92200171929451e-08,5.75095686256065e-08
"YHR085W",156.275740112995,-0.994043738459434,0.129543577350506,-7.67343127918916,1.67455264928319e-14,7.84155730048948e-14
"YHR086W",724.625674929117,-0.129087810971471,0.0551971557515229,-2.33866780296753,0.0193526327262598,0.0304220202294199
"YHR086W-A",6.55226518766792,0.372648163479449,0.223491524173953,1.66739282331531,0.0954363199760144,0.132120435724493
"YHR087W",549.377393530132,-1.05844282249015,0.12260533914949,-8.63292601963784,5.98021168035682e-18,3.48626069060801e-17
"YHR088W",275.629213025661,-1.01095940489193,0.109432262464951,-9.23822081459492,2.50629857051411e-20,1.68862173031994e-19
"YHR089C",2865.43203796068,-0.6590488830132,0.0633450874413966,-10.4041040849919,2.37479395547144e-25,2.11608906990778e-24
"YHR090C",222.044471727252,0.331207700041599,0.0570688676518802,5.80364940937613,6.48868796582479e-09,2.01880074703341e-08
"YHR091C",492.410295890742,0.198307740159248,0.0399098494227183,4.96889221652546,6.73364840469595e-07,1.76460066193918e-06
"YHR092C",7920.69973428197,-2.40452037205499,0.0845063988087835,-28.4537077185812,4.38462406743656e-178,2.92833290872778e-176
"YHR093W",13.5409391490245,1.17556963620827,0.175833539013942,6.685696271603,2.29829259898753e-11,8.67249302711752e-11
"YHR094C",2846.36775583577,-0.481491996156948,0.106481625534027,-4.52183175963146,6.13067792939653e-06,1.47612647799505e-05
"YHR095W",20.6231714040084,3.77294860922642,0.222537146791572,16.954241858597,1.79056082212043e-64,4.77413484316529e-63
"YHR096C",433.276132017893,0.214200871718188,0.0550747189185307,3.88927762001009,0.000100543050692419,0.000212810967911739
"YHR097C",1624.43135167098,-0.533941959841812,0.0833179010473304,-6.40849028996177,1.46967637808564e-10,5.26009563207654e-10
"YHR098C",1721.3893547481,-0.13381711071826,0.0342709848606448,-3.90467654379928,9.43514941160154e-05,0.000200445932064259
"YHR099W",928.531783281633,-0.0853123184570453,0.0445890797514277,-1.91330072144657,0.0557095654366964,0.0807982501874414
"YHR100C",159.843745863832,-0.0292386869588683,0.0619012974994682,-0.472343684865725,0.636681493809941,0.701880127551056
"YHR101C",218.190555374712,0.403811379480633,0.0421359527914716,9.58353502717912,9.37790068882812e-22,6.84825677690537e-21
"YHR102W",630.509113118209,-0.169133872064458,0.0388191425462285,-4.35697083888553,1.31874829722836e-05,3.07618499038111e-05
"YHR103W",837.295070740534,-0.0532798939605523,0.0454267579399095,-1.17287467512057,0.240846066574035,0.302276973538184
"YHR104W",966.121939205618,-0.0487874057203039,0.0589674882897868,-0.827361095669288,0.408032424466017,0.481578036103245
"YHR105W",123.136893752058,-0.221270821575799,0.0686059986967909,-3.22524015070053,0.00125867038447901,0.00234899445871706
"YHR106W",603.683040706906,0.30767538865164,0.0398481901616376,7.72118852584285,1.15249939835422e-14,5.45257452632648e-14
"YHR107C",1093.43253212332,-0.117991172377487,0.036214196386693,-3.25814691889292,0.00112142331172684,0.00210255409140609
"YHR108W",1837.70734202294,-0.210881536245112,0.0244900833282247,-8.61089500671779,7.24923605843335e-18,4.18702727505987e-17
"YHR109W",98.6008273802349,-0.411967994302546,0.0656862314441232,-6.27175566698466,3.56999494549141e-10,1.23407011206208e-09
"YHR110W",762.345183167378,0.667528728960127,0.0402451961033258,16.5865443231115,8.7195177033027e-62,2.24650045996327e-60
"YHR111W",486.558210803703,0.151315014011722,0.0301922857893238,5.01171110619349,5.39481551760861e-07,1.42405740389983e-06
"YHR112C",653.592293400494,0.585907729844387,0.0586476968122901,9.99029393634441,1.68082584323967e-23,1.35708931639034e-22
"YHR113W",1274.52512717232,0.137400123176273,0.0458548191425313,2.99641620544156,0.00273173303922778,0.00488346974450309
"YHR114W",944.481020388238,0.224837411687848,0.0412790127169405,5.44677299405411,5.12918558391183e-08,1.49317256164746e-07
"YHR115C",536.39368584042,-0.00644951637872837,0.0352833676195253,-0.182791972928324,0.854961247172644,0.891081621293096
"YHR116W",235.411879911927,0.126120599465577,0.0794487918698518,1.58744515174227,0.112411859968693,0.153059319317888
"YHR117W",670.809301908764,0.0147447682003365,0.0317390481500492,0.464562394266813,0.642244867840187,0.706428277242188
"YHR118C",242.583703469117,-0.0298563074390748,0.0427846336588195,-0.697827815405877,0.485284881602287,0.558520110513992
"YHR119W",505.625394624181,-0.219215696430581,0.0560462006408002,-3.9113391081678,9.1785791947656e-05,0.000195417661036189
"YHR120W",217.41796231356,-0.207402666354077,0.0609532554190146,-3.40265117799396,0.000667354233233211,0.00128736112462458
"YHR121W",762.731706762729,0.0859521336453029,0.0402590621551281,2.13497605369216,0.0327629661886598,0.0496205293729174
"YHR122W",276.912983545297,-0.109656202274433,0.042540062335042,-2.57771606940277,0.00994556810980743,0.0163517120046284
"YHR123W",638.945310635993,0.137081329958673,0.0511983098035003,2.67745811306648,0.00741831275284489,0.0124525557410493
"YHR124W",178.644226788841,-0.142974636067397,0.0625678255679912,-2.28511435021869,0.0223061235793093,0.0347315129248684
"YHR125W",1.56117839394403,2.4487200159396,0.543281180352051,4.50727929569143,6.56641749228255e-06,1.57278502539734e-05
"YHR126C",2.7913483587272,1.70867386017387,0.360687641418934,4.73726755220113,2.16619097321217e-06,5.42059938331267e-06
"YHR127W",293.802590796228,0.0846310999673208,0.0525010067561806,1.61199003974067,0.106964107168068,0.14639993895924
"YHR128W",820.884425446056,-1.20862475239614,0.0657326282711357,-18.3869835146524,1.67017753896759e-75,5.2702528855771e-74
"YHR129C",235.55210416887,0.0795648508794251,0.044732282917936,1.77868969990625,0.0752906487856051,0.106415527634308
"YHR130C",49.0218845825752,0.0667942708193863,0.103002920126179,0.648469681612552,0.516681214104392,0.588939531371021
"YHR131C",746.88752595839,-0.284925428620271,0.0718982867214863,-3.96289594109512,7.40460615609593e-05,0.000159574830036917
"YHR131W-A",6.42859995814017,-1.08835607385345,0.228540628641679,-4.76219952803159,1.91494201072697e-06,4.82877056150691e-06
"YHR132C",1949.65888007802,0.318289334559931,0.046425871699923,6.85586124515263,7.08841542500066e-12,2.77367518251306e-11
"YHR132W-A",626.936483620954,0.420387857803251,0.0458270956064603,9.17334717027078,4.58554771986612e-20,3.05067531576006e-19
"YHR133C",1032.09387818773,-0.160902045437087,0.0295002330773821,-5.45426353124142,4.91762268363839e-08,1.43340366274358e-07
"YHR134W",281.02816305958,-0.0247734687961463,0.0416244863454662,-0.595165753891512,0.551732679386946,0.623008716595996
"YHR135C",2280.23696819821,0.0173304168684529,0.0386962817231836,0.447857419284549,0.654256100640956,0.717117226945369
"YHR136C",445.710787625611,-4.60905605729994,0.11322961962637,-40.7053920388384,0,0
"YHR137C-A",0,NA,NA,NA,NA,NA
"YHR137W",131.129809735249,-0.72917944162794,0.0897282806447537,-8.12652863053133,4.41759196561817e-16,2.29868495699602e-15
"YHR138C",676.017387562188,-0.0637745547041064,0.133419316537265,-0.478000909907928,0.632649557414928,0.698199516354453
"YHR139C",51.2375262193988,0.0607791349421849,0.0841922215724819,0.721909147982983,0.470350336566536,0.543514188684899
"YHR139C-A",18.709952846555,0.890305401621878,0.149365426261458,5.96058555119331,2.51335677221719e-09,8.09807083657239e-09
"YHR140W",39.6971610940863,-0.601265897630362,0.0887938033439612,-6.77148488956187,1.27467276313901e-11,4.89312161698285e-11
"YHR141C",8246.45927682368,-0.276044474344164,0.0818710083154,-3.37169994634401,0.000747057897096164,0.00143147946354443
"YHR142W",1121.03602161733,0.481008952788737,0.0271501299415759,17.7166353834702,3.12025739656496e-70,9.09502145380101e-69
"YHR143W",3948.66821742243,-1.17036911447129,0.0694683724793603,-16.8475102078865,1.09425514152884e-63,2.89514658406802e-62
"YHR143W-A",486.631497278071,-0.0621536576017134,0.0734302209305327,-0.846431575638493,0.397312029947791,0.470901008616619
"YHR144C",203.227204806033,-0.487489962223286,0.0622365614202861,-7.83285501477573,4.76914166565041e-15,2.29740374775974e-14
"YHR145C",12.6034229355741,-0.187585417768817,0.211817705931183,-0.885598382553351,0.375833983477436,0.448847564642584
"YHR146W",1963.21458592698,0.505825787969786,0.0634534123439044,7.97160892196489,1.56621764692462e-15,7.81291602117073e-15
"YHR147C",434.50449218167,-0.2719195702865,0.0385956005373708,-7.04535145199279,1.84993974983589e-12,7.57935410310966e-12
"YHR148W",159.489789265066,-1.16626283125845,0.124907088207395,-9.33704282115672,9.90622074718546e-21,6.86252694057288e-20
"YHR149C",519.366712827434,-0.194851359870753,0.0844148078588729,-2.3082604203342,0.0209846564218964,0.0328001480404966
"YHR150W",266.604641939641,0.244702987717091,0.0486471395218497,5.03016189897833,4.90065849118147e-07,1.29909941274903e-06
"YHR151C",287.393282269303,0.173431715834848,0.043553386410965,3.98204893181818,6.83237085960934e-05,0.000147844854178209
"YHR152W",453.221748253338,-0.184439460404456,0.0538397995792731,-3.4257085250269,0.00061319803647048,0.00118989824904949
"YHR153C",17.0052186258009,0.215470839407923,0.147053103406936,1.46525870189666,0.14285034931127,0.189960864665035
"YHR154W",331.430639725193,-0.0867912164329003,0.0875577615790665,-0.991245263328552,0.321565833522722,0.391444234436879
"YHR155W",370.345706536576,-0.372451172745275,0.0531713460446808,-7.0047347011358,2.4745427915466e-12,1.0013164625323e-11
"YHR156C",113.977093596674,0.23322285441155,0.0721487949573666,3.23252598396638,0.00122700976386023,0.00229301824656194
"YHR157W",27.7645992077887,0.382943492881376,0.122822526343075,3.11786041439758,0.00182169058956824,0.00332574563843946
"YHR158C",924.926577952077,0.113937147722245,0.0461579225182602,2.46842018674414,0.0135710912346986,0.0218682446951257
"YHR159W",214.866369635294,-0.0413610053850124,0.0499307519422126,-0.828367364322524,0.4074624831459,0.481189831834132
"YHR160C",68.369972611723,-0.0392714631610495,0.0809617875574706,-0.485061710540577,0.627632571693279,0.694129334514158
"YHR161C",1660.58613167874,0.311957862169752,0.0664880467691541,4.69193903759674,2.70627776455998e-06,6.71590358672731e-06
"YHR162W",2957.1093362035,0.377341204099212,0.0397517858125223,9.49243402243189,2.25701461220596e-21,1.61392967955975e-20
"YHR163W",981.042849096215,-0.658124597222349,0.0643524347357091,-10.2268795256189,1.5028392825506e-24,1.2922539280832e-23
"YHR164C",461.626988947985,0.150139508906677,0.038466471567796,3.90312661357724,9.49579953570226e-05,0.000201672136480691
"YHR165C",1131.08698371292,-0.315088830120845,0.0438355175091949,-7.18798015911989,6.57568145135026e-13,2.76323229711902e-12
"YHR165W-A",0.528126291303858,-1.24316660917521,0.712121018644778,-1.74572379781887,0.080858957786934,0.113539246910863
"YHR166C",252.212534267071,0.0480566604981727,0.0418396850630331,1.14859039750834,0.25072491846094,0.313417538450446
"YHR167W",130.165853002761,0.0825677387172625,0.0611014626420229,1.35132180388225,0.176592370455625,0.230071764462925
"YHR168W",232.661115771271,0.0290791624612943,0.0437324685290476,0.664933022062991,0.506093333479404,0.579270555907624
"YHR169W",239.566450335314,-1.2637551508266,0.119327022755383,-10.5906870182897,3.29167036658482e-26,3.06405960104696e-25
"YHR170W",1388.70555411682,-0.694629407751897,0.07931357541052,-8.75801404938003,1.98720405348939e-18,1.19388442654616e-17
"YHR171W",346.331424643533,0.296566635783293,0.0440155974171677,6.73776236574767,1.60844336983222e-11,6.14011206496995e-11
"YHR172W",191.641601427952,-0.240841323645282,0.0619091885599418,-3.89023550861265,0.000100146979928638,0.000212037880864605
"YHR173C",54.7037933600549,0.295432681121779,0.0725148849575419,4.07409708082358,4.61932108523238e-05,0.000101716740541977
"YHR174W",128981.516142012,-1.01859949852876,0.0756404181759572,-13.466338805257,2.46803799124858e-41,4.07137490211008e-40
"YHR175W",1398.53236103378,0.728543159728418,0.0956681100093082,7.61531883150544,2.63041352456118e-14,1.21685370783163e-13
"YHR175W-A",82.2723419478114,0.614401003084272,0.160973058327039,3.81679399937866,0.000135196956093351,0.000282423279977577
"YHR176W",230.886256100852,0.885406809909252,0.0620307257092898,14.2736813052737,3.19270047546901e-46,6.01714700568529e-45
"YHR177W",143.270977611635,0.0867020692443487,0.0568494238565107,1.52511781760861,0.127229713841982,0.170806635737509
"YHR178W",232.259560906603,-0.316844035113455,0.0496664923783751,-6.37943248940627,1.77745418013622e-10,6.29614176372659e-10
"YHR179W",8664.33099147595,-0.328379205388896,0.039787798816634,-8.25326394411172,1.54126139158847e-16,8.23802417462089e-16
"YHR180C-B",0,NA,NA,NA,NA,NA
"YHR180W",183.934452831823,0.806987005224173,0.0759322335948317,10.6277264215641,2.21445130167913e-26,2.09823836146705e-25
"YHR180W-A",0.178240227074304,-0.86496955202916,1.16889017789854,-0.739992146725215,0.459304759542252,0.532719177354771
"YHR181W",576.750799972074,0.144442824152192,0.0336847327082321,4.28807986702214,1.80224295817156e-05,4.14359268357693e-05
"YHR182C-A",37.4391183004378,-0.683922073867469,0.155444444255644,-4.39978461206817,1.08358375229179e-05,2.54228261664912e-05
"YHR182W",226.273670780814,0.0319458085984253,0.0517061294384862,0.617834073935676,0.53668471994514,0.608915419512225
"YHR183W",6284.90383235776,-0.378542735806611,0.0697899698818272,-5.42402778576324,5.82708178642013e-08,1.68705789599259e-07
"YHR184W",34.2945218190384,0.648330511966501,0.1307321771215,4.959226766062,7.07743143271331e-07,1.8518695635464e-06
"YHR185C",2.19928460004559,0.18289970112723,0.363547872434077,0.503096607064853,0.614896352078323,0.682237420313998
"YHR186C",619.496828454971,-0.109073989323396,0.0396514332204774,-2.75082085222248,0.00594461436700782,0.0101170218284628
"YHR187W",303.795319196916,-0.282953573700431,0.0513334463656188,-5.51207046737355,3.54636869729091e-08,1.04477388730896e-07
"YHR188C",1472.58778059289,0.084129368858388,0.0445242392579772,1.88951838954362,0.0588224010353303,0.0848478290463487
"YHR189W",155.220119792443,-0.122922070611111,0.0963122023835123,-1.27628761017881,0.201853868320283,0.2591148076593
"YHR190W",4409.75610187556,0.138052169441743,0.0523115743249785,2.63903679488047,0.00831419564007743,0.013848269202928
"YHR191C",296.959738450982,0.12439117971435,0.060636358883404,2.05142891171185,0.0402251959130366,0.0599586398019022
"YHR192W",639.985154833156,0.25256556774682,0.0439036541288041,5.7527231561602,8.78172316711648e-09,2.69805599225521e-08
"YHR193C",8490.44266921285,-0.201516610788016,0.0393938209606198,-5.11543703743445,3.13015349516695e-07,8.4772936587612e-07
"YHR193C-A",0.146880204638135,-0.720700388273177,1.33788378721314,-0.538686838992513,0.590102956439962,0.65898023333612
"YHR194W",560.051922323033,0.24607892192093,0.0557654118551241,4.4127518068051,1.02064978443007e-05,2.40117984510753e-05
"YHR195W",1148.57768645183,0.10272311399689,0.0490499488182773,2.09425527389364,0.0362372462765935,0.0544389642141705
"YHR196W",326.636634377504,-1.29516396949344,0.141331394010247,-9.1640217558424,4.99983824800457e-20,3.31987329228025e-19
"YHR197W",310.030578464555,-1.48234209145976,0.126059254385971,-11.7590897921789,6.34142255974246e-32,7.49529996365437e-31
"YHR198C",317.398893806154,0.19208658558843,0.0489212190513311,3.92644724136741,8.62097910412073e-05,0.000184173028749213
"YHR199C",1273.21723411788,0.525596117007332,0.0632919387516828,8.30431374632773,1.00398023937257e-16,5.43809454066448e-16
"YHR199C-A",96.4760742165549,0.154425814875845,0.0774089469353661,1.994934965396,0.0460499733759661,0.0677599501290419
"YHR200W",2693.23204013201,0.0626595666184482,0.0614042396851793,1.0204436524205,0.30751810002377,0.37654272162042
"YHR201C",871.873189426908,-0.236583958787237,0.0374286887348135,-6.32092565313898,2.60001102769776e-10,9.0559371440673e-10
"YHR202W",211.22737010067,0.0939571567709113,0.0469874062750664,1.99962424443865,0.0455408539572947,0.0671256769599808
"YHR203C",16930.811442274,-0.33691919628079,0.0964281759853592,-3.49399117880177,0.000475856741277138,0.000937942270270897
"YHR204W",676.251904939369,-0.0660282839692552,0.0343677504919143,-1.92122798333251,0.0547029717474818,0.0794723849315581
"YHR205W",1019.11313174017,0.241454490468766,0.043506934595134,5.54979321608587,2.86007684630831e-08,8.47672064875263e-08
"YHR206W",963.667270865562,-0.403316229846004,0.0686054511120747,-5.87877819194194,4.13305745558521e-09,1.31080231613511e-08
"YHR207C",392.98887639812,0.183717482681045,0.0559001861921871,3.28652720492588,0.00101430975758273,0.00191110293684239
"YHR208W",5280.35788941566,-0.450034113589041,0.0454686165638641,-9.89768652751805,4.2601564642129e-23,3.35304534523118e-22
"YHR209W",459.3011942986,-0.62406172225057,0.0983697022008029,-6.34404403275175,2.23810812684364e-10,7.86309795942667e-10
"YHR210C",292.295139482732,0.268144777680996,0.0800778248978971,3.34855221183758,0.00081234972827619,0.00155011200577307
"YHR211W",372.237664925676,0.0745373876388543,0.0861331931425638,0.865373555993487,0.386833790325417,0.459828865327206
"YHR212C",6.94226577789762,0.417909103519085,0.222351987686194,1.87949344581026,0.0601771476203428,0.0866203386650635
"YHR212W-A",6.84632081885723,0.240462424537021,0.203769656990619,1.18006983025981,0.237972442728061,0.299198314466261
"YHR213W",13.0302719291668,-0.349184394121562,0.165828059135737,-2.10570150758226,0.0352302888035645,0.053053668274895
"YHR213W-A",12.6256374672443,-0.32459921255622,0.149193462672201,-2.17569326927823,0.029578203827321,0.0451349742963933
"YHR213W-B",22.9893222330991,-0.476636213733497,0.135790675053465,-3.5100805968144,0.000447970887410504,0.000887044252877621
"YHR214C-B",1557.13484416033,-2.22993137933148,0.0469945321134271,-47.4508688361716,0,0
"YHR214C-C",0,NA,NA,NA,NA,NA
"YHR214C-D",1.21010234131486,-0.614886992662188,0.469281318926878,-1.31027374809692,0.19010324498679,0.245950765895078
"YHR214C-E",3.14902809639152,-0.0241740288830706,0.315095397381807,-0.0767197143593263,0.938846520971636,0.953962365991711
"YHR214W",66.9151695954605,-0.0185175331728557,0.0792644770980799,-0.233617048276778,0.815282291337569,0.857673479448102
"YHR214W-A",207.066111576713,0.983065068084217,0.117850035474343,8.34166119787242,7.32540815010928e-17,3.99615247141965e-16
"YHR215W",1248.21635609026,-4.38965905972996,0.059520996600134,-73.749757404433,0,0
"YHR216W",2173.9235416584,-1.21521006131628,0.0425720496002106,-28.5447863734112,3.26032828468708e-179,2.2205740861745e-177
"YHR217C",5.45825079589778,-0.188016338156175,0.228029499665957,-0.824526381155082,0.409640532321939,0.483181965336526
"YHR218W",140.926711823715,-0.0726549947734261,0.0728242584208855,-0.99767572439281,0.318436628355109,0.388163589605661
"YHR218W-A",84.3927346634323,0.0994714568356947,0.0729047465898765,1.36440302570789,0.172440756149267,0.225131896289771
"YHR219C-A",0,NA,NA,NA,NA,NA
"YHR219W",840.306131221956,0.675700645347938,0.0740830158101159,9.12085770211952,7.45321037020229e-20,4.8782715639031e-19
"YIL001W",171.876423738555,-0.04994423024748,0.0528055089293647,-0.945814769331888,0.344243071139098,0.415271778395339
"YIL002C",596.03557076647,-0.0807824415124255,0.0427931892924054,-1.88774061592932,0.0590607808753659,0.0851381206290113
"YIL002W-A",430.10655157284,0.266235287419722,0.0637044484033172,4.1792260052888,2.92502891907542e-05,6.55843348576265e-05
"YIL003W",278.250041443011,0.172649493111156,0.0668257115511512,2.58357882173844,0.00977811211687532,0.0161071918706861
"YIL004C",244.566069223518,0.0468912343622285,0.0437911420150879,1.07079268099636,0.284262658552875,0.351256121463127
"YIL005W",828.377955935452,0.367250698196382,0.0589090661153644,6.23419657472039,4.54102572234717e-10,1.56110524457902e-09
"YIL006W",233.082928447935,0.603735287573035,0.0677637837248696,8.90940933912847,5.1305156729078e-19,3.19392011890794e-18
"YIL007C",380.745610465845,0.231008742884143,0.0788619327163342,2.92928076864511,0.00339747382291031,0.00598035374303993
"YIL008W",440.024118254878,0.0411705759239275,0.0489265023639922,0.841478011602712,0.400080198228767,0.473692200278087
"YIL009C-A",215.686790185738,0.187385588472689,0.0654869428497013,2.86141909086757,0.00421749137023346,0.00731890089198688
"YIL009W",486.918468445724,-0.81413163666869,0.0714723943420759,-11.3908543873898,4.64413399978758e-30,5.15274157815141e-29
"YIL010W",385.781296618637,0.149446695584308,0.0618675923380577,2.41558932449965,0.0157097687024695,0.0250678494326809
"YIL011W",328.756181004345,-1.74152252798481,0.0593935963671864,-29.3217221132438,5.4827621821129e-189,3.97009695271101e-187
"YIL012W",21.957680267214,1.26566319743619,0.126390923527349,10.013877279426,1.32457244809983e-23,1.08086997277328e-22
"YIL013C",289.283754635481,-0.533080202207947,0.0355837655127725,-14.9809946903063,9.7743138138714e-51,2.02522604595245e-49
"YIL014C-A",85.2620709601778,1.23273754218173,0.0813740730090265,15.1490210161287,7.69036112561728e-52,1.6480372019664e-50
"YIL014W",770.334582334414,0.288718537888676,0.031746121463107,9.09460824133124,9.49280756252443e-20,6.17211939722169e-19
"YIL015W",388.155878878909,-0.972992432037878,0.0472290709930613,-20.6015577181441,2.65755912087691e-94,9.98980830191929e-93
"YIL016W",815.030710563905,0.539799698262489,0.0451511790402734,11.9553843274171,6.08514001166931e-33,7.5970377750042e-32
"YIL017C",1218.26437733639,0.179986527795075,0.0454371950669067,3.96121564128338,7.45691497780794e-05,0.000160601496970384
"YIL018W",24344.2197754599,-0.344556283722897,0.0637718113737197,-5.402955887574,6.55515848192875e-08,1.88358125301537e-07
"YIL019W",331.313602606892,-0.767488930518862,0.0882914245799451,-8.69267807343991,3.53994374965355e-18,2.09743953952341e-17
"YIL020C",211.922468045068,-0.634152615208091,0.0535510202240609,-11.8420267728748,2.36663636837055e-32,2.85615641719667e-31
"YIL020C-A",50.3306555880057,0.0953922672282695,0.128947488075618,0.739776079797145,0.459435875565885,0.5327814207717
"YIL021C-A",0,NA,NA,NA,NA,NA
"YIL021W",484.711888417965,-0.264495614875394,0.0331268591683939,-7.98432515231472,1.4129313744014e-15,7.08939090044293e-15
"YIL022W",1593.9801867811,-0.149578112588651,0.0279960708677381,-5.34282518769518,9.15090047109891e-08,2.59476687307046e-07
"YIL023C",968.759341467997,0.0105249218811993,0.0891299939608749,0.118085073424546,0.906000250380556,0.930483087842318
"YIL024C",178.072259783132,1.2901605529925,0.0855819041053394,15.0751559746146,2.35957995417334e-51,4.96377691277016e-50
"YIL025C",3.46538449766203,1.19940666773429,0.312085895653258,3.84319408355093,0.000121443352817348,0.000254620184099524
"YIL026C",392.248361444627,0.521981152696584,0.0532397149136018,9.80435664510344,1.07831946756419e-22,8.33456136783606e-22
"YIL027C",468.774300399254,0.156292208665292,0.0440924069140231,3.54465132670234,0.000393132761787067,0.000783191505454167
"YIL028W",103.415912108712,0.0931477416704951,0.109345556084982,0.85186581883677,0.394288570119826,0.467559226659934
"YIL029C",129.316785490957,0.237374368133041,0.102084272668067,2.32527853634103,0.0200570712272377,0.031457499537658
"YIL029W-A",0.364793551307398,0.0131550442059125,0.762465563548908,0.0172532961943648,0.986234544288438,0.991712824171929
"YIL030C",1461.22991901544,-0.167170488416548,0.035961451620143,-4.64860234737887,3.34191786758241e-06,8.2398039466306e-06
"YIL030W-A",13.7551644049497,0.481150651118595,0.251647036530518,1.91200602936663,0.0558754207058585,0.0809875724895913
"YIL031W",485.084548946336,-0.0857775624666238,0.0594087058121075,-1.44385509318976,0.148779740839731,0.196902631532363
"YIL032C",5.94120754698886,-0.068119161933684,0.214032361109065,-0.318265712627318,0.750283390481898,0.801632361038673
"YIL033C",2343.42623418359,0.101891780323604,0.0559120512891492,1.82235811375745,0.0684006657258977,0.0973775205977753
"YIL034C",1260.27766212374,-0.00800408047047294,0.0617456030362274,-0.129629966781226,0.896859193218952,0.923853607390412
"YIL035C",826.092961580158,-0.135902308547266,0.0586401727348655,-2.3175632370957,0.0204730701280338,0.0320660859314082
"YIL036W",1170.33925768605,-0.0164315051029318,0.0344478986794649,-0.476995861368082,0.633365068705181,0.698671954397521
"YIL037C",98.3426190430589,-0.105951866072445,0.0688851095163663,-1.53809534188621,0.124025304780452,0.166996418149227
"YIL038C",798.056039891972,-0.363416277482311,0.0534488301371379,-6.79933080948386,1.05106219207512e-11,4.05966132469667e-11
"YIL039W",1188.89024149521,0.0547787488940736,0.0279614027140831,1.959084437008,0.0501028990879874,0.0732224012802774
"YIL040W",471.108841985474,0.38652864442948,0.0647597521111516,5.96865540445637,2.39216733952308e-09,7.72931851976482e-09
"YIL041W",2266.36603830218,0.266880685532422,0.0502213694993906,5.31408617870647,1.07193882962784e-07,3.02083867636619e-07
"YIL042C",793.285567073476,0.628206828482427,0.0706876732723752,8.88707746910564,6.27372678096776e-19,3.87057995751365e-18
"YIL043C",3623.16137337525,0.130415898841505,0.0641260049104936,2.03374432920837,0.0419773801528585,0.0623542211339913
"YIL044C",523.305147527166,-0.204779039490417,0.0407266611166452,-5.02813228179717,4.95280177743477e-07,1.31241615666309e-06
"YIL045W",385.955843566304,-0.225199627415924,0.0631583029039292,-3.56563772396604,0.000362972486115156,0.000724575662213046
"YIL046W",930.392455955783,0.876753670967668,0.0684236017429924,12.8136147269894,1.37573365959427e-37,1.98816635385483e-36
"YIL046W-A",12.1410696446513,2.13751235558295,0.191942513745177,11.1362111179846,8.36008132643966e-29,8.77999991520281e-28
"YIL047C",697.918740213781,-1.13315071844955,0.0618831967010996,-18.3111212551406,6.74661370259017e-75,2.09053854324855e-73
"YIL047C-A",24.6877153410639,-0.519425352111014,0.172804140076247,-3.00586173387875,0.0026482938927532,0.00474417023131492
"YIL048W",845.21605276156,-0.0108601494602523,0.0257045730602245,-0.422498729498738,0.672661027870014,0.733550287051018
"YIL049W",254.945828892085,-0.402282881490612,0.0755049714246967,-5.32789926146546,9.93552007216247e-08,2.81029780330615e-07
"YIL050W",646.024505036567,0.183120489988873,0.0443538952466236,4.12862250250303,3.64942990546925e-05,8.10604724563222e-05
"YIL051C",4089.72401748373,-0.415405924939108,0.0313236705888554,-13.2617256256968,3.85912202409921e-40,6.13092388078024e-39
"YIL052C",7543.90654624857,-0.288703855410972,0.0608728428768803,-4.74273652694185,2.1085042263311e-06,5.29164559391887e-06
"YIL053W",22548.7157201841,0.628387281560269,0.069626894743349,9.02506544168831,1.79587999936339e-19,1.14176141549176e-18
"YIL054W",5.80515448882818,0.621516069517714,0.218092592151464,2.84978074397903,0.00437493764258216,0.00758638670111486
"YIL055C",379.99858264429,0.702375621833583,0.0537118954094973,13.0767238146913,4.47307355052305e-39,6.85306747306194e-38
"YIL056W",1059.83380512222,-1.45774146389616,0.0527142015305091,-27.6536762688603,2.52069987679898e-168,1.59081600481653e-166
"YIL057C",69.2237545552736,-0.61612057212892,0.216901718320665,-2.84055182641778,0.00450355545052796,0.00779173992559906
"YIL058W",41.6678194806635,-0.089952045753419,0.087897996254172,-1.0233685588612,0.30613361933848,0.375203487562262
"YIL059C",15.6797604142768,-0.146010163057304,0.152717112330097,-0.956082529518393,0.339030540488277,0.409515555402785
"YIL060W",10.3467007368901,0.141862491038366,0.179838184207647,0.788834093623669,0.430208979982209,0.503550144844366
"YIL061C",176.926990969231,-0.169972100493281,0.0597585573095307,-2.84431398858708,0.00445071645225627,0.0077061360370176
"YIL062C",1810.15921352013,0.139359912564138,0.0750392031229628,1.85716141382493,0.0632881928862768,0.0907341239691377
"YIL063C",727.934848256115,0.0401777256049894,0.0316505044257429,1.26941817623326,0.204291956820065,0.261894217473952
"YIL064W",485.36872133229,-0.217382279095715,0.0657715708265525,-3.30511004015668,0.000949391172638198,0.00179517918542555
"YIL065C",562.855446419122,0.294519115376909,0.0741376869030969,3.97259649821373,7.10934205796807e-05,0.000153596620655661
"YIL066C",124.339354134815,0.029450294842016,0.0679769060666392,0.433239706631327,0.664840635315261,0.726288507278653
"YIL066W-A",1.5971660720608,-0.0651345304066182,0.419216672680654,-0.15537199412924,0.876528061475671,0.908625155951046
"YIL067C",580.340398372511,-0.0429898744749867,0.0407414033287234,-1.05518884875225,0.291338963159793,0.359032735144431
"YIL068C",386.025194154907,-0.11244208333044,0.0572021413757312,-1.96569709850311,0.0493336101910978,0.0722208777409155
"YIL068W-A",6.3312735401742,0.468757150057846,0.23435393310861,2.0002102966226,0.0454775604355042,0.0670467505863338
"YIL069C",6066.58675068458,-0.352078349778166,0.0542897407905254,-6.48517279050282,8.86301508169786e-11,3.21904333405489e-10
"YIL070C",375.322787585965,-0.616332288344295,0.0488162078979456,-12.6255666895059,1.52638647148795e-36,2.13849542512538e-35
"YIL071C",109.458857701432,-0.370657382391765,0.0838422889146192,-4.42088816026032,9.82960422354276e-06,2.31567970732023e-05
"YIL071W-A",26.0597239791694,0.280130894176621,0.114534102148327,2.44582957322037,0.0144519296414828,0.0231844272396829
"YIL072W",90.0834306498897,-0.0589817421966437,0.0614043413982289,-0.960546776556502,0.33678010070561,0.407154712259032
"YIL073C",208.189820423869,-0.0320407063838193,0.056893627770619,-0.563168629587121,0.573320062159982,0.64387391256413
"YIL074C",1955.25990562352,0.421386368877102,0.0742143636249783,5.67796243603814,1.36308637536228e-08,4.12705597540367e-08
"YIL075C",5380.49171007373,-0.025782860268398,0.0444453499864436,-0.580102536626713,0.561845473265256,0.632558921537103
"YIL076W",1676.37227860478,0.0563073074328386,0.0318521488228652,1.76777107710919,0.0770991820009461,0.108659142180805
"YIL077C",635.911042934547,0.538127077023019,0.0355291970558857,15.1460523066866,8.04564291395325e-52,1.71881918028212e-50
"YIL078W",5311.37408985892,-0.4243251064178,0.0547791190960946,-7.74611044170754,9.47501078663461e-15,4.5012844752251e-14
"YIL079C",199.570640112341,-1.11812682626091,0.0906896096838824,-12.3291613025834,6.31000609908902e-35,8.34740999146795e-34
"YIL080W",49.3235426454541,0.551850685977991,0.0928477089937384,5.94361123132513,2.78810406314574e-09,8.94977501184299e-09
"YIL082W",0,NA,NA,NA,NA,NA
"YIL082W-A",0,NA,NA,NA,NA,NA
"YIL083C",585.428035454663,-0.0161775113680978,0.0351509350696513,-0.460229901026592,0.645351210734878,0.709160118337421
"YIL084C",204.33843321977,-0.388577173316392,0.0480896908058371,-8.08025934051601,6.4629181025733e-16,3.32772557092827e-15
"YIL085C",895.177871264913,-0.0822103935452442,0.0355767771034647,-2.31078811063069,0.0208445615466882,0.0325970769664897
"YIL086C",28.1262238167488,0.335167430502857,0.124166902037246,2.69932989390616,0.00694792651098925,0.0117086689047269
"YIL087C",435.011776773394,0.354375107561918,0.0830700527004914,4.26597908682707,1.99027424354354e-05,4.55156134352925e-05
"YIL088C",1446.72226573777,0.227280932902577,0.0421915460437932,5.38688325539596,7.16899660783737e-08,2.05481365272139e-07
"YIL089W",61.6083622335132,0.179063117340379,0.077971917397227,2.29650781098717,0.0216468630662421,0.0337508547218221
"YIL090W",479.72865491149,-0.135925524218613,0.066799976240653,-2.03481396054586,0.0418695958212549,0.0622478819222849
"YIL091C",245.316621368209,-1.36596683504375,0.129895847094283,-10.5158622511795,7.30098831751897e-26,6.6964664848284e-25
"YIL092W",165.920192409071,-0.260409984435339,0.0689555907192782,-3.77648834153973,0.00015905500085874,0.000329957584712687
"YIL093C",457.638290826614,-0.316598275586679,0.0633110862912185,-5.00067672398463,5.71294346822981e-07,1.50456884065669e-06
"YIL094C",1984.29172323367,-1.08150727114062,0.0417687920611077,-25.8927112270417,8.04545635960339e-148,4.53645035227145e-146
"YIL095W",427.52699921511,0.0931887872232012,0.0461336974649922,2.01997221865678,0.0433862692958006,0.0642113051819734
"YIL096C",126.851472216533,-0.836977892440115,0.130828208776847,-6.39753383666473,1.57906496032049e-10,5.63401860064557e-10
"YIL097W",261.403157273384,-0.124807979938922,0.0767793346010689,-1.62554130727234,0.104047269670435,0.142948106263816
"YIL098C",322.241331015749,-0.0288719066117939,0.0539329518273671,-0.535329620084756,0.592421947768786,0.660711831825792
"YIL099W",144.444933615719,-0.392876265374875,0.123661185336333,-3.17703784179597,0.00148787620542476,0.00274620349265279
"YIL100C-A",7.32732819206169,-0.0125235724384675,0.186542114152265,-0.0671353624106841,0.946473942255428,0.959021100128898
"YIL100W",1.75244272362001,-0.34090880796917,0.443286568011615,-0.76904835961607,0.44186460256712,0.515096865117644
"YIL101C",576.453065086069,-1.05047643133676,0.0827525931077425,-12.6941814375419,6.36923854776366e-37,9.01522468519881e-36
"YIL102C",13.9156681595281,0.415675457683949,0.151812435245982,2.73808569772581,0.00617979701025964,0.0104758067110833
"YIL102C-A",84.6210822369588,0.263249688860655,0.0715011029659318,3.68175703507799,0.000231632102393318,0.00047197785318828
"YIL103W",324.576500902808,-0.489915915016451,0.085873609736922,-5.70508118288415,1.16287650820768e-08,3.54113656483427e-08
"YIL104C",163.752921077093,-0.639697465363467,0.0977480544638036,-6.54434984790771,5.97547663307378e-11,2.19462379919458e-10
"YIL105C",655.241844257811,-0.10931366240831,0.0367974834668172,-2.970683104101,0.00297138214781432,0.00527896120733851
"YIL105W-A",0,NA,NA,NA,NA,NA
"YIL106W",718.572821205046,0.217833419818472,0.0345113668098785,6.31193255887274,2.7557232077859e-10,9.58857862739465e-10
"YIL107C",690.864568703712,0.175375818992212,0.0431048238308362,4.06858916024038,4.72986618281391e-05,0.00010401774127742
"YIL108W",862.658044138155,-0.0265842524824662,0.0422857245332211,-0.628681494190331,0.529557595827222,0.601622906968697
"YIL109C",2770.33680073729,-0.158982312123154,0.0412690532858515,-3.852337271271,0.000116995725578085,0.000245744609542487
"YIL110W",307.144046413889,-0.461606607230286,0.0602021303248444,-7.6676125037354,1.7522730930527e-14,8.18878166243853e-14
"YIL111W",824.967787932962,0.228469462157157,0.0688727801596913,3.31726789055731,0.000909024109055872,0.00172263824964059
"YIL112W",959.228434804419,0.166727316151299,0.0372405199318867,4.47704050470414,7.56848943313269e-06,1.80588410719805e-05
"YIL113W",267.39227568077,-0.844192629869964,0.0964614995966841,-8.75160176235726,2.10345546428184e-18,1.26042422811801e-17
"YIL114C",560.716674327692,-0.0109286345154925,0.0442631883675261,-0.24690120433146,0.804984684255925,0.848657416551189
"YIL115C",1010.66013433333,0.00907844493982804,0.0394619251682316,0.230055804452656,0.818048406744204,0.859400578801677
"YIL115W-A",6.59514437632794,0.000862990084579024,0.214807623649062,0.00401750212547819,0.996794505704043,0.997939522276479
"YIL116W",858.612551124213,0.384628932911689,0.0655127655181253,5.87105321947177,4.33035220493354e-09,1.36895647140339e-08
"YIL117C",1400.45352099106,0.748431769774785,0.0617567052759746,12.1190365714984,8.3737691470512e-34,1.08073467096745e-32
"YIL118W",934.161593529394,0.182015226810812,0.0398582758670045,4.56656046584011,4.95792071039636e-06,1.20556863085248e-05
"YIL119C",282.035546844586,-2.26559070618123,0.114261416425437,-19.8281342649001,1.70238144462258e-87,5.85534097877936e-86
"YIL120W",215.62786530495,-0.0801699519318506,0.0454975655514452,-1.76207124403613,0.0780572610859268,0.109919324259998
"YIL121W",845.414418131408,-2.80867499849957,0.0359587102546832,-78.1083353270095,0,0
"YIL122W",479.704068724431,0.491260077534257,0.054656354404178,8.98816035005628,2.51403059073139e-19,1.58952356926849e-18
"YIL123W",3704.48321748497,-0.616943210332486,0.0624543243411146,-9.87831053880034,5.1697121367996e-23,4.05039291446976e-22
"YIL124W",1808.65417224341,0.20629123560297,0.0654426429531029,3.15224487114313,0.0016202033883793,0.00297130874664388
"YIL125W",1593.11130304681,0.0551160970461334,0.0540892253310151,1.01898477393296,0.308210195123069,0.377054585141666
"YIL126W",1476.67906280985,0.0892350778518504,0.0689380361112848,1.2944244264197,0.195518857908635,0.251962199991288
"YIL127C",346.03350302397,-1.12882057351027,0.114197193469887,-9.8848363888026,4.84372385828097e-23,3.79931316090249e-22
"YIL128W",508.892983132618,-0.21714804297283,0.0496002391743639,-4.37796362653557,1.19793336395354e-05,2.80387329385382e-05
"YIL129C",1135.82160185133,0.0385785485779778,0.0356446232469319,1.08231045986153,0.279114599740758,0.345577633480323
"YIL130W",350.63126523556,0.250200765450125,0.0691624287965083,3.61758211508553,0.000297368002085063,0.00059935379031443
"YIL131C",222.279761818717,-0.537881629175518,0.0732337860007625,-7.34471967856363,2.06190778718612e-13,9.03430806882377e-13
"YIL132C",71.4234043635167,0.1368702826098,0.0722134855101532,1.8953562709635,0.0580452178923243,0.0838674761355386
"YIL133C",6025.70877518641,-0.359975747916028,0.0494886565549864,-7.2739042232044,3.49243646526108e-13,1.5034086636127e-12
"YIL134C-A",6.61150617744596,-0.577876152285739,0.207582647154307,-2.78383651142176,0.00537201044491479,0.00918569720372082
"YIL134W",217.539464601717,-0.435871081752182,0.0556986120975514,-7.82552859645391,5.05528260689629e-15,2.43183839530347e-14
"YIL135C",1068.58519057137,0.0752410617887073,0.055962049161793,1.34450154909761,0.178786255832024,0.232489726629204
"YIL136W",1897.23414310901,0.353048900900247,0.103517982983049,3.41050792071614,0.000648420006977224,0.00125294416516751
"YIL137C",924.532060033474,-0.116912470810573,0.0289579204201805,-4.03732274673627,5.40646658795756e-05,0.00011821704913719
"YIL138C",648.528468620945,-0.0239465968282002,0.06187827226455,-0.386995240038711,0.698759731839544,0.757926237042609
"YIL139C",177.393503522599,0.115633152363166,0.0575188677312109,2.01035167979187,0.0443939807659599,0.0655898182321817
"YIL140W",740.686582177628,0.436183354449181,0.0483558113915819,9.0202881907409,1.87595139450112e-19,1.19046767922262e-18
"YIL141W",11.3579354828354,0.351745827493789,0.194992593769563,1.80389326945142,0.0712480403120931,0.101054694702451
"YIL142C-A",0.0969585542235038,-0.143626377205845,2.16001252621592,-0.0664933075445916,0.946985085725331,0.959268516251406
"YIL142W",3211.73126752977,-0.112199253896185,0.0636004783406477,-1.76412594407292,0.0777107773633421,0.10947623130912
"YIL143C",752.777391537254,-0.134740126010244,0.0356728371855241,-3.77710708317087,0.000158660527563126,0.000329238542716967
"YIL144W",377.150229900834,0.292614483105279,0.0710494360500559,4.11846313458597,3.81407570124127e-05,8.45810017693059e-05
"YIL145C",960.447013953656,-0.171733468213453,0.0370342541883016,-4.63715206306761,3.53242539114936e-06,8.68151277803375e-06
"YIL146C",176.818952756467,0.35527674851579,0.0497110310793918,7.14683925884357,8.8798755098581e-13,3.70659366700934e-12
"YIL147C",857.922386714642,0.127496524413708,0.0472028649915867,2.70103360116876,0.00691243546029026,0.0116545694929747
"YIL148W",11831.5246049588,-0.229563835909909,0.060526021596974,-3.79281224592146,0.000148950777533182,0.000309743772264438
"YIL149C",1164.80980383482,-0.20842195613749,0.0763495568561932,-2.72983845250156,0.00633653682405686,0.0107335722267144
"YIL150C",73.0238553712263,-0.710997869488256,0.0880980538843981,-8.07052866821808,6.9994426307038e-16,3.5959048436603e-15
"YIL151C",778.950628309783,-0.180733145311237,0.0348644816578214,-5.18387587359103,2.17321596074673e-07,5.97265385296715e-07
"YIL152W",325.367069634514,-0.0305129991724645,0.0706802511055261,-0.431704736403786,0.665956024558943,0.727160554435074
"YIL153W",1510.27454248178,0.40782322947437,0.0957724031477971,4.25825411152117,2.06029673292302e-05,4.7038769418445e-05
"YIL154C",2324.90624011764,0.325009627905792,0.120231265820255,2.70320391030134,0.00686746023033272,0.0115844185690188
"YIL155C",1808.79469227067,0.000275943810896629,0.0833740851616919,0.00330970721131723,0.997359240536531,0.997939522276479
"YIL156W",594.792151916961,0.0465094598174099,0.0387192017660381,1.20119882890264,0.229674083582757,0.290214551977551
"YIL156W-A",1.75575365870588,0.560750417438626,0.387304561867781,1.44782807291089,0.147665139502886,0.195682622739424
"YIL156W-B",429.892297250368,0.706575377845511,0.0834903771480305,8.46295587565421,2.60684362764818e-17,1.45319913408362e-16
"YIL157C",406.552853071228,0.0592882401704633,0.0502474804737661,1.17992463724459,0.238030189988417,0.299198314466261
"YIL158W",375.734769109606,-0.604078998087915,0.0729740185083695,-8.27800099865175,1.25260178009725e-16,6.73701926918605e-16
"YIL159W",183.91796053741,0.396982088159569,0.0711404413671422,5.58025899938996,2.40160701118217e-08,7.13635189197499e-08
"YIL160C",122.060798689283,-0.377166179158584,0.0685649150307316,-5.50086263491371,3.77937576188837e-08,1.11103956692436e-07
"YIL161W",205.06722522138,0.0142400335093543,0.0847303331025987,0.168062994537166,0.866533721293649,0.900844108928368
"YIL162W",1281.23499015752,-0.359016276573647,0.0944123600916004,-3.80264063121952,0.000143161951245917,0.000298399340454822
"YIL163C",35.4420000118695,0.524634347097467,0.122677434107701,4.27653505237875,1.89824679851011e-05,4.35849123062451e-05
"YIL164C",263.801484795195,-0.0411481536641342,0.100584103886963,-0.409092014284651,0.682472136468167,0.742718846189609
"YIL165C",254.759617025332,0.291229300577633,0.102401216174602,2.84400236107611,0.0044550717780376,0.00771173597411189
"YIL166C",121.348778973591,-0.133242430455308,0.0820897372160323,-1.62313140441246,0.104561317576695,0.14356832407387
"YIL167W",105.486440145974,0.434803717898943,0.072651837813982,5.98475869271492,2.16710902945864e-09,7.01861723806307e-09
"YIL168W",52.2367007504447,0.173581920548719,0.0785062224749947,2.21105939219031,0.0270317245010447,0.0414606985156491
"YIL169C",1681.6060985595,-2.84044924890775,0.0924819420256199,-30.7135553892334,3.75211313746371e-207,3.07271265150153e-205
"YIL170W",108.207570749069,0.527030794137826,0.0721560539931306,7.30404124078071,2.79250724242542e-13,1.21426405313808e-12
"YIL171W",28.8749484634066,0.704877124336216,0.104656426959968,6.73515372931501,1.63756704391843e-11,6.24782234892674e-11
"YIL171W-A",2.91118276666715,0.0246708328794574,0.313697572455684,0.0786452782733684,0.937314772192048,0.953250786207732
"YIL172C",122.787075411967,0.266227273951739,0.0765589350608738,3.47741610747401,0.000506271453760454,0.000993904489274591
"YIL173W",323.509770822941,0.0902411402250638,0.0424439574634345,2.12612455619405,0.0334928897607225,0.0505590495203006
"YIL174W",1.38286536948731,1.10566115906081,0.49420073039441,2.23727139815922,0.0252686073897075,0.0389824512746799
"YIL175W",8.99056778469155,-0.464337558291602,0.17301733709085,-2.68376317714208,0.00727986533638166,0.0122320941985758
"YIL176C",14.5017540632339,0.179076384057092,0.148969687807831,1.20209947870804,0.229324988326074,0.289879932873036
"YIL177C",1253.18486335311,0.476009431476607,0.0794189972673216,5.99364695923288,2.05186567040427e-09,6.66105896494147e-09
"YIL177W-A",0,NA,NA,NA,NA,NA
"YIR001C",329.611079705636,-0.0260260748154389,0.04583875063378,-0.567774523860157,0.570188080755069,0.64111209668423
"YIR002C",530.524261151488,0.0202735944066672,0.0456333049961432,0.444271884501477,0.656846025897369,0.719382870903997
"YIR003W",1150.73576998164,0.14014159864981,0.044487171723411,3.15015752228775,0.00163182452807275,0.00299102609342191
"YIR004W",1028.86020292299,0.103784762431079,0.0324443112467065,3.19885855002128,0.00137972846160641,0.00256102322919332
"YIR005W",63.1518465532095,0.44708149143257,0.0923691944274862,4.8401579574622,1.29735968936972e-06,3.30906092071722e-06
"YIR006C",2834.41800424057,0.00686852950989377,0.0505456946623394,0.135887528221298,0.891910195055114,0.919743573181596
"YIR007W",517.388521989419,0.297648505817385,0.0377423213220906,7.88633277951483,3.1119607409471e-15,1.5160890890209e-14
"YIR008C",344.392931480069,0.0369436542930774,0.0456811181559713,0.808729203320698,0.418670926459528,0.492002169286422
"YIR009W",156.097425447783,-0.123010224793322,0.0714496720081134,-1.72163456228817,0.0851357381365615,0.119106923457679
"YIR010W",410.497823170831,-0.0306322711793687,0.0402860061244808,-0.760370017437748,0.447033439972544,0.520593030907589
"YIR011C",835.248350252237,-0.00247298718563234,0.0331776363499908,-0.0745377747692693,0.940582484831659,0.954880004893297
"YIR012W",963.028823801352,-0.606111234631339,0.066424291918627,-9.12484299228744,7.18403157697411e-20,4.71105369094422e-19
"YIR013C",6.82840596442734,0.384197701564819,0.204973035468405,1.87438167506691,0.0608778373931346,0.0875007612677336
"YIR014W",90.8119865788508,0.18278722295333,0.0753803217366522,2.42486657979404,0.0153140136707432,0.0244760920169709
"YIR015W",145.003065980772,0.340606358431323,0.0510307616297479,6.67453017657432,2.48025442209636e-11,9.33862625593918e-11
"YIR016W",1104.16738007409,0.211865923911676,0.104771370758122,2.02217382839054,0.0431583970250211,0.0639015525473785
"YIR017C",2.52236381119127,2.17276911607904,0.421181461308833,5.15874822535421,2.48606351714725e-07,6.8025580487096e-07
"YIR017W-A",2.99813554113984,1.83099739432822,0.377197793279528,4.85421024977028,1.20867449554565e-06,3.09318149362295e-06
"YIR018C-A",45.2389424555009,0.692007897001484,0.104921882946281,6.59545823587428,4.23944370845048e-11,1.57638558218545e-10
"YIR018W",191.143659331651,0.464408018551726,0.051116297556663,9.0853219178663,1.03392260790117e-19,6.69083125094277e-19
"YIR019C",244.314270352303,0.560707976734943,0.0766586844020735,7.31434384908093,2.58642074611378e-13,1.12536295461839e-12
"YIR020C",0,NA,NA,NA,NA,NA
"YIR020C-B",0.274138845250056,-0.426426713049223,0.911498764438325,-0.467830269975178,0.639905972052482,0.704870005083911
"YIR020W-A",0,NA,NA,NA,NA,NA
"YIR021W",197.182663588822,0.0647276931428614,0.0648837456214344,0.997594891030437,0.31847583947294,0.388163589605661
"YIR021W-A",2.84610722888263,0.407221864191016,0.32482260688571,1.2536746382751,0.209960289869889,0.268510287044983
"YIR022W",976.501358129583,0.252350279239354,0.0395338798102523,6.38313973863785,1.73493453347256e-10,6.15503592354707e-10
"YIR023C-A",2.00378244859918,-0.206308828985464,0.388363176624775,-0.531226546189246,0.595261799410038,0.662804454215224
"YIR023W",413.567568899882,-0.213632558896865,0.054509525263119,-3.91917848973468,8.88512985344039e-05,0.000189287111371373
"YIR024C",226.042437680484,0.0753429258228118,0.0561701525230046,1.34133383013256,0.179812090695708,0.233691171716564
"YIR025W",335.11112384583,0.457422876949685,0.0491228061957547,9.3118230079701,1.25656784456829e-20,8.62667684908712e-20
"YIR026C",741.016751336968,-0.435918879364571,0.0627107851610018,-6.95125851550744,3.62041725841274e-12,1.44627469922307e-11
"YIR027C",68.1012394235444,1.61498787160743,0.090985001866106,17.7500449358022,1.7221617618388e-70,5.04117053603792e-69
"YIR028W",130.392949793174,1.06630195882626,0.05682412938284,18.7649502140593,1.46134438751797e-78,4.74178681213966e-77
"YIR029W",223.795817838174,0.589924884031484,0.0536745429711638,10.990776099359,4.23270644011532e-28,4.30721710082149e-27
"YIR030C",33.7615035361839,0.396930675958624,0.0961094904110735,4.12998419054036,3.62788181027423e-05,8.06339223679368e-05
"YIR030W-A",2.64378444504231,0.645201607273328,0.334082031000497,1.93126701649024,0.0534500400989255,0.0777670951439315
"YIR031C",196.97414421985,-0.00787941628355398,0.0561111423168272,-0.140425162600745,0.888324077944501,0.917672523228747
"YIR032C",59.845794305408,1.07409563614079,0.08324693151129,12.9025252539804,4.35585496320282e-38,6.34828946861699e-37
"YIR033W",1598.08114728589,-0.221005647059132,0.0420026946772986,-5.26170163026658,1.42728251937538e-07,3.97984452808399e-07
"YIR034C",612.283476259119,-0.819096631341749,0.0806634683034915,-10.154493087998,3.16450369749867e-24,2.67427775615398e-23
"YIR035C",865.194801927571,-0.757472813281148,0.0841777679590819,-8.99849011973505,2.28843112986403e-19,1.44955043667907e-18
"YIR036C",823.864219972544,0.603545088137965,0.0965813183497196,6.24908728158521,4.12858166522804e-10,1.42358462531848e-09
"YIR036W-A",1.388270189782,0.111745704806763,0.471145243462982,0.237178887736225,0.812518014221707,0.855157805971714
"YIR037W",1490.76171288845,0.420646992560814,0.0627506331691078,6.70347008973129,2.03527370791803e-11,7.7181079585271e-11
"YIR038C",962.064277076144,0.475250183494746,0.0770352957880361,6.16925240090471,6.86136268380615e-10,2.30916408522028e-09
"YIR039C",378.268824409799,1.02445333384302,0.0850845421586996,12.0404166003762,2.17852689382716e-33,2.77007144226193e-32
"YIR040C",11.611250620827,1.17088019848739,0.167706657686155,6.98171566139352,2.91596845850497e-12,1.17441141838733e-11
"YIR041W",23.1155434789874,1.3235162959096,0.145587846778635,9.09084326195167,9.82738566245672e-20,6.37159151480111e-19
"YIR042C",206.237608903832,1.26069184770598,0.0695211627205286,18.1339292723554,1.72016817301184e-73,5.21279156922839e-72
"YIR043C",50.220611624538,0.890198654851507,0.104729700103995,8.49996375400244,1.89649904235628e-17,1.06934564855482e-16
"YIR044C",12.6735443741809,0.772160732145888,0.16606020055103,4.64988437677217,3.32121167149938e-06,8.19168701622238e-06
"YJL001W",2289.62680614057,0.103575651564487,0.0795525788649603,1.30197729655383,0.192924146813255,0.249225390784672
"YJL002C",1910.46051518187,-0.0927390480996781,0.0342008370619072,-2.71160170529775,0.00669589960307563,0.0113088861697906
"YJL003W",202.352288245366,0.504012096374238,0.0648160292619235,7.77604092866458,7.48295057229341e-15,3.56229875341221e-14
"YJL004C",351.175555063207,0.206786428466739,0.0357601574651351,5.78259278271769,7.35579742863314e-09,2.27930317619673e-08
"YJL005W",1589.52218011402,-0.135363086273708,0.0475678107951695,-2.84568669465558,0.00443157732024542,0.00767879606699451
"YJL006C",104.138343620213,0.322865000761451,0.0686445290544862,4.70343383818947,2.55822021180394e-06,6.37839682384898e-06
"YJL007C",2.20312396628976,0.0952006827158707,0.339321005477047,0.280562302890825,0.779046133016627,0.826377540327121
"YJL008C",2533.91290159218,-0.15849631596044,0.0453620220594879,-3.4940311027711,0.000475785584620369,0.000937942270270897
"YJL009W",125.365920058213,0.161775387860454,0.0698496721975709,2.31605078121011,0.02055549619452,0.0321878575738911
"YJL010C",376.312914722213,-0.891122793565489,0.113539235826772,-7.8485889664176,4.20744104490497e-15,2.03537179661753e-14
"YJL011C",100.772831351244,-0.747428426337709,0.0944215140802598,-7.91586995419692,2.45530153446409e-15,1.20470893406408e-14
"YJL012C",2368.06387320866,-1.41794772521186,0.0307018463794745,-46.1844446645339,0,0
"YJL013C",374.828680393397,0.226301180719943,0.0529387987262355,4.27476985056317,1.91334837950548e-05,4.388770757792e-05
"YJL014W",2936.72754322806,-0.207250537752128,0.0355845110912724,-5.8241783123152,5.7394272576536e-09,1.79461455024542e-08
"YJL015C",19.7664672047782,-0.393366486857743,0.128840968484778,-3.05311650078305,0.00226477994830653,0.00409553660998964
"YJL016W",497.936755557184,-1.05633309049402,0.0422228876016854,-25.0180210424985,3.8925920334906e-138,2.04405653422762e-136
"YJL019W",234.804045996513,-0.177017979317539,0.0468613170656,-3.77748621682434,0.000158419269344776,0.000328837101334555
"YJL020C",2071.23316625648,0.247318825217224,0.0587907432448822,4.20676473143165,2.5905258186789e-05,5.85037002846098e-05
"YJL020W-A",0,NA,NA,NA,NA,NA
"YJL022W",1.12324283056793,-0.0394154905907227,0.480819713540361,-0.0819756126480327,0.934666106459249,0.951401027868182
"YJL023C",212.561279530364,0.140224494893942,0.0474468443938151,2.95540191735535,0.00312261967148267,0.00552056045235911
"YJL024C",288.38710810629,-0.00543869370287208,0.039493216219239,-0.137712099026836,0.890467956871549,0.919104886598805
"YJL025W",100.599832144564,-0.0709131428097875,0.0862699917819429,-0.821990837660312,0.411082111555268,0.484550007777363
"YJL026C-A",0,NA,NA,NA,NA,NA
"YJL026W",1933.86186578787,-0.470671008698716,0.0328016572298844,-14.3490008873669,1.08083091585824e-46,2.05387731220686e-45
"YJL027C",15.7280073579843,0.748781281454446,0.146229867118536,5.12057691229026,3.04602350830286e-07,8.26898015533362e-07
"YJL028W",2.18444286832704,0.0764603640456919,0.358443690157965,0.213312065870084,0.831083562925083,0.871630405452302
"YJL029C",507.425273574869,-0.183284437686466,0.0493215288762615,-3.71611427833659,0.000202310106816448,0.000414934771851624
"YJL030W",364.384574957943,0.291877523130299,0.0638103149605991,4.57414327621677,4.78172548190858e-06,1.1639592919338e-05
"YJL031C",307.466940645501,0.0837415500643657,0.0449686289763633,1.86222155246011,0.0625718677075192,0.0897668150073043
"YJL032W",3.33189921156078,0.342510013911503,0.340832277978552,1.00492246785692,0.314934184729302,0.384801466563565
"YJL033W",621.256423957237,-1.05307624665511,0.134800852774764,-7.81208890729112,5.62478593395692e-15,2.69636950799231e-14
"YJL034W",3954.19906471698,-0.199189713188059,0.0455471938265767,-4.37325983125291,1.22404892981934e-05,2.86305086304904e-05
"YJL035C",352.963309933829,0.0839268654773407,0.0836422488193752,1.00340278581677,0.315666560525814,0.385354085156535
"YJL036W",715.100988094682,0.18362735254239,0.0429990509385844,4.27049780249022,1.95037142909982e-05,4.46773395297292e-05
"YJL037W",24.0553928614573,1.76306420892228,0.142535223245191,12.3693229559786,3.83036392706213e-35,5.10640958415899e-34
"YJL038C",23.510262498393,-0.0251382709402788,0.125039194922661,-0.201043128563226,0.840664850756807,0.879399864409379
"YJL039C",774.77614611052,-0.515448325594506,0.0668176442785448,-7.71425468766514,1.21691252054589e-14,5.74546412411475e-14
"YJL041W",1187.70089214444,-0.202264547489749,0.0433504470428921,-4.66580073071963,3.07417515992066e-06,7.5932678366586e-06
"YJL042W",1509.98075777168,0.126700933922363,0.0471107066427447,2.68942970614252,0.00715742194818189,0.0120351761382408
"YJL043W",43.4411248562414,0.0849552647999472,0.126578961957286,0.671164176781723,0.502115946961945,0.575388239072334
"YJL044C",825.746933876256,0.150738465977055,0.0339929796793804,4.4343999084167,9.23291022677672e-06,2.18258382989681e-05
"YJL045W",90.1610207767932,0.771679099566609,0.0899452577889963,8.57943062853741,9.53439002067458e-18,5.4655890793517e-17
"YJL046W",202.280449408219,-0.363285037646047,0.0625528817549747,-5.80764670553576,6.33570298571377e-09,1.97298781524332e-08
"YJL047C",283.991134200315,0.241627532871063,0.0419729808416843,5.75673988422327,8.57538915025296e-09,2.63937816396376e-08
"YJL047C-A",10.899470727487,-0.226297612328856,0.156609756631907,-1.44497774082327,0.148464138044892,0.196589952956845
"YJL048C",607.055498487553,0.432123959991866,0.0715007658579207,6.04362701303844,1.5068764628636e-09,4.93374735270763e-09
"YJL049W",285.836904127658,0.0028879067081946,0.0724065818413426,0.0398845883171585,0.968185138067694,0.976560933250391
"YJL050W",1050.17167062437,-1.08322138543715,0.104857566630926,-10.3304074302033,5.13420421266484e-25,4.53378572258298e-24
"YJL051W",292.116889197335,-0.167030030175286,0.0366839034644873,-4.5532240138235,5.28299648252108e-06,1.28054026790918e-05
"YJL052C-A",11.1752080060882,1.69286629178899,0.193828823155924,8.73382123579824,2.46210133347882e-18,1.47148523657696e-17
"YJL052W",27202.7958411435,-0.38405604140065,0.122951061091985,-3.12364966995545,0.00178622993275311,0.00326447282343482
"YJL053W",651.45013059502,-0.0555492439239901,0.0449553886956961,-1.23565262220296,0.216587715440242,0.275908684169153
"YJL054W",851.622532183716,-0.0659328061445662,0.0305699378206266,-2.15678574589966,0.0310223622596569,0.0471817001954852
"YJL055W",1874.7252875617,0.428525992340654,0.0340353307336422,12.5906222476362,2.37791427974934e-36,3.31798627391394e-35
"YJL056C",254.131501420752,-0.231832871136221,0.05237728825999,-4.42620988672516,9.59032147324133e-06,2.2631842680764e-05
"YJL057C",431.445235759876,0.0181609540138506,0.0429379823163083,0.422957787817452,0.672326059433568,0.733417532959644
"YJL058C",162.939120921684,0.112763294858843,0.0487659400993681,2.31233714820366,0.0207591110447893,0.0324771264219025
"YJL059W",237.244800905219,0.288857551146796,0.0444870883602155,6.49306488228434,8.41074436342249e-11,3.05962509127357e-10
"YJL060W",826.058296866608,0.235012884150512,0.0664277996345327,3.53786946795599,0.000403369414240965,0.000801264279689172
"YJL061W",473.645431834832,-0.527127871064129,0.0535445268994008,-9.84466390102754,7.22804074972448e-23,5.61192915545764e-22
"YJL062W",896.705560309642,0.236046812871208,0.0457425964370151,5.16032825544198,2.46517220415862e-07,6.75345264532344e-07
"YJL062W-A",725.626843422501,0.0320211485358202,0.113611633966256,0.28184744306495,0.778060490657379,0.825459302164113
"YJL063C",907.676342669587,-0.294137983825049,0.0790434543596052,-3.72121874237529,0.000198263604006135,0.000407364197120132
"YJL064W",0.700354339653334,0.315664803390433,0.688024081763507,0.458799062063841,0.646378468368796,0.710066669420144
"YJL065C",105.460599076481,0.161897508087809,0.0984389548736398,1.6446487906706,0.10004225896037,0.137831103422468
"YJL066C",269.483404080748,0.0822235562661689,0.0759119982239617,1.08314308923322,0.278744915724967,0.345182047753744
"YJL067W",28.1985839501343,0.321676661565928,0.125121653949784,2.57091120051073,0.0101431331420433,0.0166447072719743
"YJL068C",854.110157712101,0.270657512576981,0.0751692145505997,3.60064308500642,0.000317431080758985,0.000637736099457084
"YJL069C",322.997686559717,-1.27854585975763,0.120730136263456,-10.590113614778,3.31189633926141e-26,3.07872093483503e-25
"YJL070C",496.390584531413,0.20588490289258,0.0602712412668649,3.41597250305459,0.000635546641316197,0.0012294503221637
"YJL071W",243.254040631353,0.209746318420725,0.0428836183938643,4.89105925004535,1.00294765379022e-06,2.58884687070278e-06
"YJL072C",204.042493263036,0.0584668814332988,0.0505415945049886,1.1568072199924,0.24735113138289,0.309763049842144
"YJL073W",399.393813075148,0.220091781926338,0.0473037088141066,4.65273838868008,3.27555712894492e-06,8.08197901363418e-06
"YJL074C",310.522705315715,0.20062419219018,0.0744330614128911,2.69536397377623,0.00703117797293179,0.0118402627358134
"YJL075C",9.48754254391767,0.0199672741198897,0.238530278033946,0.0837095998229964,0.933287324382585,0.950700948382616
"YJL076W",1029.73899483026,-0.457500773310907,0.0648200800712007,-7.05800999949972,1.68903908016592e-12,6.93665661639485e-12
"YJL077C",271.053096098048,1.93128201693111,0.0651469174661933,29.645025306582,3.93118100003638e-193,2.97171363728024e-191
"YJL077W-A",0,NA,NA,NA,NA,NA
"YJL077W-B",40.9934672705528,1.08463808717166,0.103026313431439,10.5277773322778,6.43356336564867e-26,5.90874264249629e-25
"YJL078C",2535.71411906384,-0.607273741420809,0.0743322582708715,-8.16972005892603,3.09105870015319e-16,1.62315975559953e-15
"YJL079C",2062.63336341721,-0.0848431235358956,0.0687596421907523,-1.23390874112644,0.217236911950391,0.276582031705855
"YJL080C",4181.39578390435,-0.144014845686583,0.0416438138619832,-3.45825303522584,0.000543690484697558,0.00106372208311562
"YJL081C",766.702748025678,-0.0808014136782447,0.0357701907950168,-2.25890362568324,0.0238893804215017,0.0370207361837148
"YJL082W",1474.80089557457,-1.13596233037005,0.0381445446452048,-29.7804664057735,6.99527574353628e-195,5.3467224266429e-193
"YJL083W",312.83757192754,0.0882152119560194,0.0513147298231357,1.71910116763875,0.0855959522370496,0.119702084862505
"YJL084C",453.254900541361,0.274838472410951,0.050517865192109,5.44042135125459,5.31547024143445e-08,1.54478748588203e-07
"YJL085W",315.93376450525,0.109134823281851,0.0377239297741056,2.89298659856913,0.00381597578720046,0.00667431920675106
"YJL086C",3.38413771126954,-0.352481729913279,0.286719221882449,-1.22936204834495,0.218936092877351,0.278384728817615
"YJL087C",281.950997648649,-0.427072079186341,0.0788891948247688,-5.41356874201805,6.17808605653513e-08,1.78118415686945e-07
"YJL088W",27.8676088878451,0.287571277086683,0.112911051281215,2.5468833548495,0.0108689757032566,0.0177384777847455
"YJL089W",13.8479711362158,-0.0261305073478111,0.192336531977534,-0.13585826404972,0.891933329945403,0.919743573181596
"YJL090C",258.332983501568,-0.197576123606258,0.0741637397514559,-2.66405286826679,0.00772054278818471,0.0129157621206038
"YJL091C",287.779064144164,-0.0470047495824628,0.0602883720386347,-0.77966526534073,0.435587929079104,0.508901046897954
"YJL092W",640.324962758306,-0.0667563084605972,0.0520164869874201,-1.28336826123498,0.199363087937557,0.25630580732245
"YJL093C",779.261455849807,-0.0212543021824683,0.0428238071729458,-0.496319771304589,0.61966881909486,0.686757178436207
"YJL094C",663.785570610771,0.0945518101660526,0.0703887669808947,1.34327981894776,0.17918138428162,0.232915484216414
"YJL095W",528.120677302399,0.0275018457018022,0.0485154744266045,0.566867500046974,0.57080420630862,0.641595120130229
"YJL096W",329.860647084589,-0.131886289632272,0.0459117100368139,-2.87260678215906,0.00407100473880148,0.00708435153003172
"YJL097W",821.139933169509,0.0849804385077981,0.0274057086366329,3.10082981741278,0.00192979166792444,0.00351284384325277
"YJL098W",353.743486552281,-0.39085618311681,0.115591895914461,-3.38134589821114,0.000721316793965037,0.00138524238573018
"YJL099W",413.001326984419,-0.1327463981543,0.0375736771699686,-3.5329626523858,0.000410930518718104,0.000815342093528075
"YJL100W",532.668913346503,0.359293010508635,0.0414834908097659,8.66110839505465,4.67199015098456e-18,2.7375315373614e-17
"YJL101C",1050.84872456877,-0.90299237374186,0.0308652202695019,-29.255983461557,3.76848442997721e-188,2.64524534630748e-186
"YJL102W",247.379094668158,0.128943215711469,0.073239630149365,1.76056617774424,0.0783118574153772,0.110255273671793
"YJL103C",231.00183449188,0.74219695277378,0.0807576062239771,9.19042784298651,3.91281946375045e-20,2.61323156224654e-19
"YJL104W",534.13962179452,-0.432077884850491,0.0384598702789883,-11.2345122777637,2.7601385633991e-29,2.97136043468269e-28
"YJL105W",117.628642039548,-0.0323988177398175,0.0520479327389905,-0.622480395182855,0.533626031006112,0.605844770967328
"YJL106W",297.379088676925,0.500884267091465,0.0745805071794975,6.71602119687864,1.86753638960202e-11,7.10159360092445e-11
"YJL107C",152.461112868977,-0.914970708054389,0.0767471701018649,-11.9218820295259,9.10286799740452e-33,1.12826358475938e-31
"YJL108C",462.612053477391,-0.282278402659466,0.061572464564819,-4.58449088654401,4.55093935168734e-06,1.1093519418943e-05
"YJL109C",827.982064753832,-1.00222622058237,0.114529061919124,-8.75084632484024,2.11758578343076e-18,1.26778699775633e-17
"YJL110C",381.077047670648,0.250151201126116,0.0480584333525889,5.20514681140018,1.93843294507158e-07,5.34448105376649e-07
"YJL111W",3137.0313450968,-0.118322603284581,0.0265308172377526,-4.4598175104916,8.20294679180462e-06,1.94982968143829e-05
"YJL112W",635.828741473563,0.0117436473301133,0.0443831921884972,0.2645967257208,0.791320142757811,0.837073852380591
"YJL113W",76.2909394943987,-0.528908409310905,0.0729275564122909,-7.25251791408941,4.09094116371805e-13,1.7490108306536e-12
"YJL114W",3.54892051424043,-0.800966496278383,0.288892014947857,-2.77254633162136,0.0055619601115287,0.00949633249123999
"YJL115W",881.459042911574,0.670239751425321,0.0464540774943118,14.4280069173129,3.44904546416838e-47,6.62736976201517e-46
"YJL116C",221.705621282519,0.138471757765599,0.0636232192987916,2.17643431583207,0.0295228001833518,0.0450604265500947
"YJL117W",1320.90036226653,-0.644768041364392,0.0233460866112503,-27.6178210121812,6.7986053838473e-168,4.25160058504414e-166
"YJL118W",134.825454382034,0.0169482831601898,0.0877043401094195,0.193243380419318,0.846768366299067,0.883768713665799
"YJL119C",1.49476587755922,-0.649557678878271,0.426715616255509,-1.52222617156183,0.12795241956672,0.17174335496575
"YJL120W",8.14685862037862,-0.651578003479837,0.222493338256943,-2.92852814643543,0.00340570996098542,0.00599178486486412
"YJL121C",1305.83673034292,-0.156603054278639,0.053730474566379,-2.91460396623093,0.00356140163480606,0.00625130947839523
"YJL122W",401.301844045737,-1.13526694306405,0.114652832926416,-9.90177838686868,4.08937554291376e-23,3.2223155051207e-22
"YJL123C",2005.48382105611,0.201761453730372,0.0314523968660447,6.41481965872652,1.40989660973113e-10,5.0540275030435e-10
"YJL124C",991.724320031198,-0.122343022924588,0.0438536775108989,-2.78980076173047,0.00527404858046933,0.00903390940862762
"YJL125C",237.53335750587,-0.795910953858813,0.0871663793621091,-9.13093970041381,6.79072604197476e-20,4.47018224332482e-19
"YJL126W",197.579876788066,0.039875287172969,0.0535560779723016,0.744552041200476,0.456542569635863,0.530051702367106
"YJL127C",206.923096400695,-0.335878362931193,0.0627218044095647,-5.35504942966809,8.55330314385501e-08,2.43032516838408e-07
"YJL127C-B",275.484251983566,0.4735926202599,0.0674027016013965,7.02631510322262,2.12059267781992e-12,8.62148760681043e-12
"YJL127W-A",28.5639101309736,-0.678579408865396,0.127381520822286,-5.32714168024502,9.9770339732367e-08,2.82088025901748e-07
"YJL128C",1068.69003855316,-0.0790660127911602,0.032573586497207,-2.42730449095433,0.0152114830785342,0.0243291774232125
"YJL129C",1300.43546123541,-0.00686084173768852,0.0400427742191099,-0.171337822403281,0.863958142181393,0.89870982308571
"YJL130C",4477.2177236013,0.176493581714612,0.0497910860135082,3.54468230853068,0.000393086559312772,0.000783191505454167
"YJL131C",290.245070903367,0.112217715492076,0.0512779486138528,2.1884205301801,0.0286389841721284,0.0438086662486261
"YJL132W",285.696792508157,0.249242063138474,0.0522559329390056,4.76964143821516,1.8455412487583e-06,4.66231298208165e-06
"YJL133C-A",330.086362589101,-0.884650811732068,0.0843390262256357,-10.4892225025853,9.68218194957023e-26,8.82168604385346e-25
"YJL133W",692.091138721091,-0.0374821882493277,0.0520980109760823,-0.719455264166139,0.471860456549312,0.54489308051078
"YJL134W",718.992271517343,-0.0458487649410124,0.0526903458603536,-0.870154943801781,0.384215734852751,0.45696419260324
"YJL135W",1.52953013213756,-0.416872757393319,0.417776995190765,-0.997835596962363,0.318359085750224,0.388163589605661
"YJL136C",8326.24694171409,-0.297217791051768,0.088283470996109,-3.36663010298799,0.000760926790550764,0.00145521695640776
"YJL136W-A",2.53430140006991,0.0152414775575233,0.331228507570253,0.0460149933027447,0.963298299640432,0.973058590782163
"YJL137C",161.61697335196,0.157249937987342,0.0635286244345458,2.475261181664,0.0133138771162464,0.0214990987517979
"YJL138C",8165.41437540408,-0.508566956480501,0.0455512939992972,-11.1647093162347,6.0689395810383e-29,6.43270190723612e-28
"YJL139C",355.423161510936,0.0525216702600197,0.0426357226946971,1.23187005967069,0.217997627218738,0.277336287960397
"YJL140W",1190.12060309862,0.0256185518203818,0.0361711193059208,0.708259857918975,0.478783900421272,0.552239176894355
"YJL141C",1418.97500769828,-0.34537002459847,0.0533674728542785,-6.47154542133769,9.70055884016655e-11,3.5158137124081e-10
"YJL142C",52.4789454155216,0.184187363381238,0.153596234871115,1.19916587496948,0.230463453487341,0.291105048942237
"YJL143W",1697.0334137377,-0.136673503225184,0.0368769046182609,-3.70620865932184,0.00021038499155272,0.000430725701455703
"YJL144W",192.143660543957,-0.129768913634544,0.109381562512068,-1.18638745556617,0.235469323371317,0.296611147312084
"YJL145W",713.405038423534,0.269821674632052,0.047295633077849,5.70500185900722,1.16341819025529e-08,3.54121846494078e-08
"YJL146W",395.718281990432,0.309696215148048,0.0390824642468121,7.92417318396983,2.29669347951215e-15,1.13011119066982e-14
"YJL147C",155.755659410708,0.414494849416757,0.0579183933524678,7.15653224174073,8.27434264757155e-13,3.4664557291501e-12
"YJL148W",623.170088103653,-0.996944407779801,0.0950586540635655,-10.4876764519846,9.84189030648661e-26,8.94350903808737e-25
"YJL149W",362.263496343875,0.0667942685086396,0.0427178526418473,1.56361484432873,0.117908046663228,0.15963185455547
"YJL150W",0.952250054209822,-0.419837732868529,0.539596111636294,-0.778059225807605,0.436534098756896,0.509636227534681
"YJL151C",1639.74691564721,0.154213707897182,0.12165199929447,1.26766274941272,0.20491841284585,0.262599434047429
"YJL152W",53.3834389699256,0.014614755471844,0.10679210479446,0.136852396532241,0.89114746677102,0.919484539360709
"YJL153C",91.6271200675584,-0.790924019137872,0.0657668535837778,-12.0261799985664,2.58863182874298e-33,3.28546095017028e-32
"YJL154C",1383.67089643123,-0.199023632345994,0.0225050621920268,-8.84350510333205,9.27617641692642e-19,5.66200688305562e-18
"YJL155C",931.351915749036,0.371320491367894,0.0460790532793161,8.0583359453388,7.73400273649531e-16,3.95849738276423e-15
"YJL156C",415.366913199702,0.114145902661425,0.0357771270004724,3.19047146127518,0.00142040868767604,0.00263298069591039
"YJL156W-A",65.8826345443286,0.438491839424861,0.0827929851159358,5.29624386426986,1.18208950754956e-07,3.3149587127735e-07
"YJL157C",569.6423675489,-0.3935236637298,0.0391863394203742,-10.0423685792196,9.92615612173795e-24,8.1851467572035e-23
"YJL158C",7254.52724553674,-0.462685150087715,0.0625515550163852,-7.39686087686415,1.39441505398548e-13,6.18451396284082e-13
"YJL159W",32135.2533636301,-0.38218978435829,0.0972573978398655,-3.92967314411975,8.50614083713911e-05,0.000182002310478009
"YJL160C",178.24299473099,0.417411771669439,0.157791199354314,2.64534253733731,0.0081608259258821,0.0136158917157756
"YJL161W",170.617374062721,0.10775721561495,0.0958880589851925,1.12378138378617,0.261105780911732,0.325212143199675
"YJL162C",187.483391133648,0.0188751479172244,0.0657513140857848,0.287068755654043,0.774059675129381,0.822229231812077
"YJL163C",634.517394901235,0.388228693784254,0.0811490272339946,4.78414476448116,1.71716895406656e-06,4.35400119241572e-06
"YJL164C",769.153004186295,0.0685935531010855,0.0582917464306761,1.17672839297517,0.239303931420901,0.300670638218151
"YJL165C",1275.09897446577,-0.438787235181595,0.0477404170172817,-9.19110603962168,3.88822563342994e-20,2.60185837863468e-19
"YJL166W",623.647947186567,0.315019136455,0.0642003916502421,4.90681019784421,9.25695347665888e-07,2.3966346618719e-06
"YJL167W",3467.31942897097,-0.171185722732252,0.0483309058274853,-3.54195146565824,0.000397178545782983,0.000790564588090607
"YJL168C",557.828536791301,0.0361873424323218,0.0670511678220556,0.539697422248603,0.589405717987555,0.658415383896783
"YJL169W",28.8947321333402,0.27343126974201,0.139515960331318,1.95985655757717,0.0500125584747315,0.0731214430919613
"YJL170C",155.446643989519,1.20220905663009,0.0541521856575803,22.2005638744113,3.39169284671107e-109,1.44021327731639e-107
"YJL171C",2114.71226683827,0.213205038148753,0.0745159913297272,2.86119844001455,0.00422042795228639,0.00732214978153293
"YJL172W",939.155707782177,0.3822098872748,0.078445521560015,4.87229710089172,1.10308118814059e-06,2.83349346274053e-06
"YJL173C",561.029578651483,0.474606616284262,0.0372401853838948,12.744475125237,3.34635374193729e-37,4.74630255480136e-36
"YJL174W",2501.57746923191,0.230859323617621,0.0699575133565458,3.29999327507572,0.000966871453316004,0.00182722767235187
"YJL175W",0.483017855611178,-0.473751941718077,0.788751807279261,-0.600634999940283,0.548083120931147,0.620007200934938
"YJL176C",546.649609249439,0.241806052468597,0.0378429967076343,6.38971734550333,1.66192664337722e-10,5.92045229404033e-10
"YJL177W",6487.66421535563,-0.457143382096724,0.0432559575256942,-10.5683334330347,4.17853986916035e-26,3.86346448386479e-25
"YJL178C",1102.10921875451,0.17433718641299,0.0202349849966953,8.61563210654528,6.95567686464007e-18,4.02761794207568e-17
"YJL179W",210.388733484179,-0.19491142028822,0.0520540094418715,-3.74440744100368,0.000180820019583179,0.000372971788519546
"YJL180C",357.868586961198,-0.202029232494506,0.0485913209671318,-4.15772258241677,3.21436032195852e-05,7.18375070004961e-05
"YJL181W",303.277527369223,0.558725157832266,0.0429652458528538,13.0041187183188,1.15927613677319e-38,1.73362185757887e-37
"YJL182C",0.725071990290223,-1.05404034835405,0.628704294568266,-1.67652799171328,0.0936348180645813,0.129861676102067
"YJL183W",745.336378979277,-0.0217653136047491,0.0450709851559261,-0.48291186734549,0.629158315145496,0.695146169271742
"YJL184W",527.459349795749,0.160611072365022,0.0703161336916719,2.28412832066795,0.0223639906108859,0.0347979849383135
"YJL185C",168.263369678339,0.378620429923425,0.0564019113573041,6.71290069453281,1.90792967862504e-11,7.25118688356997e-11
"YJL186W",941.7923171384,-0.155325501240855,0.0418947222573888,-3.70751953638887,0.000209299274606609,0.000428630458475399
"YJL187C",506.20632676177,0.0923991076784083,0.0429017886508905,2.15373555704863,0.0312609159993391,0.047523500808719
"YJL188C",1310.80363547987,-0.0299212311711278,0.0899927035099262,-0.332485079391214,0.739523004429874,0.793013054945144
"YJL189W",4.09920224092558,1.04894138059895,0.307131094184429,3.41528878208949,0.00063714422517635,0.00123184798341431
"YJL190C",10705.6880122894,-0.500995055064544,0.0820613802387015,-6.10512586562938,1.02719701312997e-09,3.41192093352056e-09
"YJL191W",2346.55861007548,-0.208941519306756,0.0808367574980423,-2.58473404641218,0.00974541369382585,0.0160648695901816
"YJL192C",1014.68857912364,0.228214946892285,0.041098566024592,5.552868845977,2.81018923215893e-08,8.33245333104367e-08
"YJL193W",183.11220385605,-0.223724249630998,0.0650389309065971,-3.43985127849488,0.000582033922435394,0.00113326106777047
"YJL194W",68.50902936281,1.19767692755199,0.10806452588084,11.0829795234806,1.51737424031275e-28,1.57436159865933e-27
"YJL195C",0.50369760792579,0.773419955362359,0.687874671304905,1.12436172987032,0.260859600452526,0.324964359201906
"YJL196C",2440.21386216231,0.0239121203129386,0.0527186312119505,0.453580067676684,0.650131102492117,0.713164065387223
"YJL197C-A",0,NA,NA,NA,NA,NA
"YJL197W",769.31742820618,-0.22373253598156,0.0468691774939574,-4.77355370723978,1.81003250715125e-06,4.58102046235963e-06
"YJL198W",1564.50049937225,-0.0347356538642316,0.0744862759288982,-0.466336293915257,0.640974803814635,0.705595403335074
"YJL199C",167.015982533308,0.577836136495976,0.0656650824051501,8.79974737457507,1.37124485012222e-18,8.31083112245883e-18
"YJL200C",570.130958523055,-1.33995140793847,0.0627216514250146,-21.3634586700961,2.9234333861063e-101,1.17604083409504e-99
"YJL201W",379.587039695766,0.0179752191154633,0.0387145810973004,0.464301010265012,0.642432100280147,0.706521249852459
"YJL202C",21.531020766784,0.099845387360885,0.136623164955109,0.730808625270042,0.464896054417711,0.53823147463099
"YJL203W",152.850771362616,-0.163661322169974,0.0485666867007182,-3.36982679461957,0.000752154453096785,0.00144084391056886
"YJL204C",253.415228175731,0.0608857260287556,0.0668004228719158,0.911457194597389,0.362054529776106,0.434276043649491
"YJL205C",116.945585661484,0.324113905100693,0.0931393706687985,3.4798807719373,0.000501636969461796,0.000985650017974206
"YJL206C",220.917015835392,0.0349128232643939,0.0432374919280696,0.807466430348812,0.419397807575026,0.492348030736761
"YJL207C",557.885389116281,-0.219386222560735,0.0492280569434292,-4.4565281707715,8.32976593826328e-06,1.97929049704018e-05
"YJL208C",164.670814507016,-0.792011734203423,0.100140585811743,-7.90899841241543,2.59467921798113e-15,1.27128193308349e-14
"YJL209W",272.648400874767,-0.0370840099525647,0.044931549325336,-0.825344563216603,0.409175998554122,0.482716805702933
"YJL210W",625.110975797025,0.840749504177074,0.0483283321318101,17.3966174103428,8.7520954679134e-68,2.43747630460633e-66
"YJL211C",62.5553074230496,1.13324630310515,0.131371897351167,8.62624599289983,6.33985817461234e-18,3.67722465288012e-17
"YJL212C",642.396212192921,-0.581213158854969,0.0508018963290384,-11.4407768381423,2.61533186454993e-30,2.92059543770114e-29
"YJL213W",373.195345020063,-0.815808644010521,0.0577150752331249,-14.135104922159,2.30789763136652e-45,4.26774941026082e-44
"YJL214W",78.3203928128015,-0.555167782716456,0.0686182177731223,-8.09067621884395,5.93343885406425e-16,3.06657594869331e-15
"YJL215C",13.9969697398178,-0.12311461063686,0.189701205995751,-0.648992240142203,0.516343391909315,0.588779801055272
"YJL216C",168.502646722194,-0.0809533306619755,0.0509555592778137,-1.58870458511919,0.112127103291315,0.152743304882959
"YJL217W",1512.50624810843,-0.305685482406383,0.0893355943947327,-3.42176580877382,0.000622158775164776,0.00120558597587563
"YJL218W",265.660030733578,0.551363319012677,0.0570455834442263,9.66531124274937,4.23331137300878e-22,3.14821069566782e-21
"YJL219W",100.641325549329,1.00641505818909,0.0763292520567467,13.1851817104258,1.06796359013727e-39,1.66587789944542e-38
"YJL220W",3.72116056513949,-0.197056661626649,0.27262153032049,-0.722821346483501,0.469789650879394,0.543140001411655
"YJL221C",131.862159112975,0.324387112856608,0.0717727553936484,4.51964134687958,6.19444797633011e-06,1.48939558298409e-05
"YJL222W",531.348288172014,0.0113223727481338,0.0418897755319148,0.270289649547239,0.786937427588877,0.832565758902474
"YJL222W-A",2.48751205731092,0.509313693441689,0.344218130249257,1.47962483287235,0.138973395544863,0.185199145283439
"YJL222W-B",10.5689781408298,-0.476570704708168,0.168023890111211,-2.83632705083031,0.00456356874396948,0.00788565420491486
"YJL223C",27.6565046112516,0.288132748485694,0.117123178753742,2.46008306427125,0.0138904862757263,0.0223648650947263
"YJL225C",938.875576084708,0.418740967748223,0.0773336934119401,5.41472868129651,6.13817092453286e-08,1.77041835596904e-07
"YJL225W-A",0,NA,NA,NA,NA,NA
"YJR001W",1427.14633398754,0.215494924742273,0.0280670593500674,7.67785901809323,1.61769378781278e-14,7.58562751626728e-14
"YJR002W",852.122692379907,-0.766222613471217,0.0929491603021757,-8.24345923061859,1.6730194608118e-16,8.91456302937594e-16
"YJR003C",261.474296641102,-0.694415796098319,0.0948143989489428,-7.3239487229388,2.40778721307671e-13,1.05096245169763e-12
"YJR004C",389.004001050411,0.214174438091951,0.0594965797301861,3.59977731599397,0.000318489811123338,0.000639676324297064
"YJR005C-A",16.7671708544456,0.737515427167291,0.155572190433363,4.74066364375832,2.13019319299145e-06,5.34023286245925e-06
"YJR005W",690.510297945789,-0.37787233805573,0.0458403577620366,-8.24322401708371,1.67631301804797e-16,8.92519911079877e-16
"YJR006W",643.306356423382,0.206832343649402,0.0325081523023507,6.36247614831206,1.98526875216102e-10,7.00341730570035e-10
"YJR007W",1568.66357583757,-0.352722075791109,0.0543783676523252,-6.48644104299491,8.78876479014927e-11,3.19376191185614e-10
"YJR008W",459.358644066037,-0.584183439884901,0.080407769455335,-7.2652611040206,3.72318389026357e-13,1.59774061017611e-12
"YJR009C",95606.0223117059,-0.0953305257597249,0.0869558255989096,-1.0963098228685,0.2729432121359,0.338424000771963
"YJR010C-A",233.839488717979,-0.0386415780742363,0.052257729007221,-0.739442352515871,0.459638432678675,0.532926475374449
"YJR010W",746.347650315013,1.38753531453199,0.0439542527972079,31.5677147541029,1.02461365758874e-218,8.92192069690247e-217
"YJR011C",177.562075757741,0.399227577150911,0.0625268774424377,6.38489547984289,1.71514574827861e-10,6.09111388869826e-10
"YJR012C",308.067992528524,0.16493352521896,0.107820697563741,1.52970189347416,0.126090534747536,0.169390958875487
"YJR013W",387.311915306639,-0.000131501827814352,0.0347680595859521,-0.00378225961932844,0.996982200639973,0.997939522276479
"YJR014W",1455.5417537466,0.0832244181182923,0.0337231652368401,2.46787089924097,0.0135919330118721,0.0218966995758005
"YJR015W",1256.38762138471,-0.243262771723941,0.0431756785348448,-5.63425474663046,1.75816968889601e-08,5.28834686922416e-08
"YJR016C",6429.16008977995,-0.486811124351858,0.0672341327010196,-7.24053549581188,4.46916598799643e-13,1.90008608352456e-12
"YJR017C",958.555364531077,0.544660396263962,0.0892527107378502,6.1024521469574,1.04453388285223e-09,3.46615946943584e-09
"YJR018W",4.70243757694654,0.713915712574074,0.244538198405581,2.91944455806451,0.00350655762461231,0.00616133075343757
"YJR019C",600.805110118862,0.244097913291886,0.120018579704411,2.03383437708616,0.0419682971887208,0.0623541935985336
"YJR020W",3.19668917939642,0.466834576758921,0.302652062748942,1.54247941520284,0.122957136370393,0.165782465913746
"YJR021C",568.167891267973,0.131000588851106,0.0592032911147297,2.21272477229755,0.0269166264394618,0.0413210161296714
"YJR022W",0.24325098814772,-0.294942949888464,1.07678243175787,-0.273911368898323,0.7841527344893,0.830002563556223
"YJR023C",1.45876115179404,-0.226071815656814,0.44347184979001,-0.509777149922509,0.610207595810746,0.677581606389366
"YJR024C",630.342210540197,-0.0872729580485248,0.0356583601757545,-2.44747536393626,0.0143860959796753,0.0230927900208583
"YJR025C",706.539692940984,0.875326103230248,0.0713352671910195,12.2705940230984,1.30293913093768e-34,1.71048058811456e-33
"YJR026W",0,NA,NA,NA,NA,NA
"YJR027W",1897.62123565978,-2.40605976830949,0.0464678951039181,-51.7789704682926,0,0
"YJR028W",0,NA,NA,NA,NA,NA
"YJR029W",1711.86343430429,-2.34141861305648,0.0462361225536254,-50.6404621265735,0,0
"YJR030C",319.449593603096,0.0499842823811276,0.042645745603907,1.17208133363128,0.241164403418147,0.302566100877884
"YJR031C",423.508251078504,-0.0976275836526596,0.0481253476107219,-2.02861046204493,0.0424979821146577,0.0630050902945539
"YJR032W",270.888041422645,-0.175161238801751,0.0714753269896514,-2.45065319990927,0.0142597266819639,0.0229134921385727
"YJR033C",532.699038524054,-0.0318090550704721,0.0430950617605255,-0.738113690316341,0.460445365146246,0.533772104287332
"YJR034W",247.272558510341,0.14934075713145,0.0779337166278231,1.91625349840089,0.0553328367468969,0.080302654848503
"YJR035W",323.454756641016,0.315820400019955,0.0614128847160853,5.14257556016148,2.7099739273679e-07,7.38878741433366e-07
"YJR036C",290.863850787437,0.400958857552048,0.0758989280577322,5.28280000538428,1.27224255233257e-07,3.56051933177207e-07
"YJR037W",4.65578484242506,-0.6849796543784,0.258523579964818,-2.64958289093636,0.00805911998890963,0.0134592586559139
"YJR038C",9.32420454854792,-0.401861916166648,0.210144183556175,-1.91231519886071,0.055835777515011,0.0809642313502868
"YJR039W",542.644117126525,0.347867515071453,0.0474883779323771,7.3253189562889,2.38331178724725e-13,1.04160112989033e-12
"YJR040W",686.856498609748,0.0933106001705355,0.037155364169358,2.51136282086259,0.0120266018288456,0.0195212350119464
"YJR041C",306.621368512346,-0.979198733955475,0.119267222856052,-8.21012437874322,2.20959488377748e-16,1.17192006210527e-15
"YJR042W",737.574670295227,-0.379889241481112,0.0403111281175743,-9.42392979856829,4.34513882209117e-21,3.0562586868267e-20
"YJR043C",265.993496868921,0.162578030884531,0.0577955392198699,2.81298579577292,0.00490838192990055,0.00845175451709284
"YJR044C",671.634799671664,0.250601801203514,0.0583867782145072,4.29209846590316,1.76992423909282e-05,4.07746444766226e-05
"YJR045C",7601.61255084111,-0.610313456629768,0.0360268341016016,-16.940524246693,2.26100721797457e-64,6.00520025191005e-63
"YJR046W",519.431020265264,-0.319515790532922,0.0588241642857814,-5.43170981538541,5.58166368252614e-08,1.61872953086414e-07
"YJR047C",718.925675017079,-0.761138183367735,0.102598620962553,-7.41860052529889,1.18364322858453e-13,5.26327199058371e-13
"YJR048W",158.239273288609,-0.862040842208154,0.073057189095415,-11.799534760122,3.92475311842617e-32,4.67909474898676e-31
"YJR049C",1037.22438915004,0.201338155083395,0.040450651484419,4.97737731519473,6.44516074305265e-07,1.69222369280379e-06
"YJR050W",304.263847059503,0.253248170487773,0.0386508131230732,6.55220809149271,5.66924652355466e-11,2.08996499654515e-10
"YJR051W",892.361563986227,0.315388047100728,0.0349314417154723,9.02877269337075,1.73607863991834e-19,1.10578564481466e-18
"YJR052W",485.195263841765,0.662684012465651,0.0337350493306926,19.643783709032,6.53434159484511e-86,2.23630526522087e-84
"YJR053W",49.7596139649896,-0.593153985249725,0.09980265494947,-5.94326859891691,2.79394060537368e-09,8.9643271568869e-09
"YJR054W",310.492052856551,0.413473588752144,0.0567604910726852,7.28453156303151,3.22789901564146e-13,1.39740197159205e-12
"YJR055W",53.1527364016061,-0.300035736490606,0.0871454387498139,-3.44293104487063,0.000575446017449909,0.00112170392576875
"YJR056C",207.149041520093,-0.154060823572003,0.0795776198909988,-1.93598179718151,0.0528699304173604,0.0769719050457189
"YJR057W",282.062241929,0.205817683131192,0.0388014251110178,5.30438463387134,1.13053713351042e-07,3.178163032864e-07
"YJR058C",637.999869530809,0.489534149559955,0.0586207062892998,8.35087429933116,6.77595037741579e-17,3.70228456284696e-16
"YJR059W",1924.81799406097,-0.437116809238635,0.0459269470013952,-9.51765440070196,1.77131909576901e-21,1.27323971366719e-20
"YJR060W",584.125340663234,-0.13332027247225,0.0556454881611569,-2.39588647485914,0.0165802247083868,0.0263468158394532
"YJR061W",253.929565892485,0.0575885818608723,0.0638158903481652,0.902417588263392,0.366835081453235,0.439167860305743
"YJR062C",489.761265435807,0.140232492206105,0.0450318139479273,3.1140760256352,0.00184521937382812,0.00336758788337633
"YJR063W",349.282141744859,-0.885037973319926,0.10308911704969,-8.58517366962532,9.06993071047552e-18,5.20367417492586e-17
"YJR064W",2351.81569773078,-0.335947325092165,0.0587602513131018,-5.71725473572402,1.08258766416736e-08,3.30395764942646e-08
"YJR065C",2476.60514269639,0.07044879139156,0.0371237500232385,1.89767443610791,0.0577389821358146,0.0834600668443515
"YJR066W",884.169239606016,-0.180553646497248,0.0317642738827398,-5.68417358330858,1.31446717988358e-08,3.98686936967335e-08
"YJR067C",148.145332380437,0.0620127588021914,0.0501377032034851,1.23684881516234,0.216143215456712,0.275393439364089
"YJR068W",783.925032531039,0.129794001630796,0.0256270398535732,5.06472859809045,4.08982597819831e-07,1.09215500403828e-06
"YJR069C",585.65265749967,-0.383659781134608,0.054274725096986,-7.06884798493275,1.56225168762882e-12,6.43131619341631e-12
"YJR070C",1465.61357887241,-1.31423995822953,0.0738345294395441,-17.7998013694342,7.09199613893461e-71,2.09381293732752e-69
"YJR071W",15.4623918927765,-0.87310186085548,0.167407255620722,-5.21543619849775,1.83385174120945e-07,5.07036419926842e-07
"YJR072C",1775.78991842597,-0.152351755446621,0.0505665098787698,-3.0128983750683,0.00258765555412084,0.00464037605755924
"YJR073C",1506.04754846529,-0.219283185485154,0.121459727844867,-1.80539829436495,0.0710123778838709,0.10074121416027
"YJR074W",557.757890575937,0.378280792568474,0.0933840185013422,4.05080867839326,5.10409285988806e-05,0.000111889913266953
"YJR075W",1047.85077106027,-0.162571309259722,0.0256416390996727,-6.34012937424883,2.29572300535055e-10,8.04907163802572e-10
"YJR076C",1352.8851037204,0.0398481573113444,0.0282791314145025,1.40910117525424,0.158805253401689,0.208875972877671
"YJR077C",2513.55363937053,0.402841293978874,0.0611254056199457,6.59040688390008,4.38622825983691e-11,1.62832510520335e-10
"YJR078W",105.344574520166,1.87527814252714,0.0972255050798017,19.2879238939199,6.78434621798201e-83,2.2765618357804e-81
"YJR079W",10.2922495831735,0.814647659656159,0.23014599967372,3.539699411726,0.000400583006779436,0.00079618910824494
"YJR080C",575.061488714537,0.204900930387906,0.0567357431614694,3.61149636843144,0.000304435347957235,0.000612342327075386
"YJR082C",280.383095223696,-0.0917392265417726,0.0595354106788419,-1.54091868176825,0.123336578445029,0.166228903433259
"YJR083C",297.212895248984,-0.00544456578232323,0.0448302453473047,-0.121448493983104,0.903335808470592,0.928439717087883
"YJR084W",473.143086112188,0.0647644195641593,0.0360949650001191,1.79427849740111,0.0727687284059997,0.103126510652013
"YJR085C",1788.91399173286,0.60207206240078,0.0949706873651297,6.33955675276961,2.30427123927021e-10,8.07492707842068e-10
"YJR086W",287.918896589542,0.320060002787265,0.0896332474461036,3.57077325553464,0.000355928917361809,0.000711340796784393
"YJR087W",12.8094954323729,0.0871710789035287,0.194428668969954,0.44834478045519,0.653904387179795,0.716845940941803
"YJR088C",354.470100449528,-0.0822693043495085,0.0465116463989563,-1.76878934028348,0.0769290363270102,0.108441565756865
"YJR089W",427.651694360617,0.0937357152510431,0.0679552670082858,1.37937380541252,0.167779531314553,0.219755406685608
"YJR090C",761.933902153616,-0.123077133106002,0.0315722620071249,-3.8982678237697,9.68832301095414e-05,0.000205443816252631
"YJR091C",1617.99746543016,-0.201551430230336,0.0568107752313902,-3.54776764459589,0.000388510796992853,0.000774432272533711
"YJR092W",614.399709631293,-0.113281869748674,0.0689431465623515,-1.64312009818443,0.100358087302417,0.13818475487646
"YJR093C",684.87965207586,0.196635364405453,0.0366179162086545,5.36992228845013,7.87705783235043e-08,2.24652905591785e-07
"YJR094C",106.441167836236,0.54314714976187,0.0893180711005427,6.08104432920932,1.19402272816595e-09,3.93941599379069e-09
"YJR094W-A",5372.25450837521,-0.232837847209307,0.0657983429054098,-3.53865822341498,0.000402166184057355,0.000799104904717084
"YJR095W",28.141286894945,1.80758082478147,0.12302562980406,14.6927175065908,7.17765368476112e-49,1.41475873058658e-47
"YJR096W",725.689898871187,0.229897805456109,0.0762716741492952,3.01419639755257,0.00257660950841458,0.00462177230987846
"YJR097W",30.1259004984569,-0.895419522293278,0.159844260768963,-5.60182466349232,2.1210705412621e-08,6.33283170717968e-08
"YJR098C",172.841494934282,-0.0190146765639349,0.0546054154957023,-0.348219611394248,0.727675260605915,0.782381700173193
"YJR099W",294.912840701926,0.167650456110661,0.059659541107766,2.81011977292661,0.00495230664117127,0.00852312168741987
"YJR100C",378.892614352163,0.0773372556259522,0.0387072121076756,1.99800635113724,0.0457159715711585,0.0673549300573998
"YJR101W",510.129902950874,-0.417824177635875,0.0373360799617395,-11.1908957251014,4.51845784361239e-29,4.8040914229072e-28
"YJR102C",250.008397239084,-0.0466070735779528,0.0455496375360768,-1.02321502648706,0.306206189733179,0.375203487562262
"YJR103W",1670.33042601285,0.182519139454749,0.0883005690757259,2.06702110037617,0.0387321657505426,0.0578711051689798
"YJR104C",15761.3228578832,-0.561093987459821,0.0955514490816697,-5.8721661769906,4.30137246707492e-09,1.36104605340425e-08
"YJR105W",4913.54343004118,0.152369031395074,0.0651379828175157,2.33917331799999,0.019326465393891,0.0303878298159031
"YJR106W",275.418765496013,-0.242717073566407,0.0640289647590097,-3.79073868334337,0.000150199915786276,0.000312152634650693
"YJR107W",347.303582999174,0.197778445998806,0.0641591257169702,3.08262377001957,0.0020518438475434,0.00372516068283215
"YJR108W",41.3810381817502,-0.0976210882763667,0.118000544504998,-0.827293540770328,0.408070703946186,0.481578036103245
"YJR109C",1084.86735653656,0.189910501695111,0.11157826131075,1.70203854643516,0.0887481426153126,0.123557675177238
"YJR110W",471.306495437777,0.338020618703513,0.0423961124769908,7.9729154149915,1.5497424848416e-15,7.7363414754901e-15
"YJR111C",325.200978942308,-0.0219785254667689,0.05652007515484,-0.388862283119006,0.697378024273665,0.756666155990307
"YJR112W",215.877226357778,0.249483697545967,0.0631937373837644,3.94791806711631,7.88337732731265e-05,0.00016936212565454
"YJR112W-A",581.258798052173,0.693849880958517,0.120551922540802,5.75561024938177,8.63293574277304e-09,2.65352837241e-08
"YJR113C",667.947134132726,0.340229545304365,0.0717310143222245,4.74313026964894,2.10440846292801e-06,5.2832940936065e-06
"YJR114W",17.3611286241447,-0.13069605831103,0.144378504023631,-0.905232113290483,0.365342432407317,0.437533181150755
"YJR115W",1229.83166483431,-0.59326679541067,0.102488202538768,-5.78863499129335,7.09607084922254e-09,2.20179843806053e-08
"YJR116W",791.193494952699,0.431473725139116,0.0752852026589012,5.73118899731223,9.97290683744919e-09,3.05312087827383e-08
"YJR117W",1504.91425993665,0.14365021531615,0.0332864772938042,4.31557277894614,1.59189592100482e-05,3.68708822915561e-05
"YJR118C",462.476145378505,0.14380265102183,0.0768726289558789,1.87066128705401,0.0613920439213729,0.0881845625673678
"YJR119C",140.95276473168,0.23352465917015,0.0558604140007105,4.18050355242944,2.9086426719878e-05,6.52904083918479e-05
"YJR120W",52.3087169193752,-0.396687669722263,0.113629763093413,-3.49105427066808,0.000481118513171566,0.000948041894043884
"YJR121W",5186.04709529374,0.068844076082353,0.0392956180250261,1.75195300500194,0.0797818891078168,0.112095509634941
"YJR122W",260.254525878431,-0.12164306698562,0.0607116634839709,-2.00361940367087,0.0451108457054464,0.0665488971923151
"YJR123W",28956.2073297954,-0.359624377675182,0.0617071809316318,-5.82791779247907,5.6123211371271e-09,1.75646756607358e-08
"YJR124C",395.666975639794,-0.401743776616901,0.0557485385959749,-7.20635530069137,5.74693314476676e-13,2.42237457738055e-12
"YJR125C",1334.28757912151,0.0726180155799631,0.0582446317257494,1.2467761135806,0.212479601231289,0.271328601609437
"YJR126C",1602.06273042434,-0.0594029106679348,0.0248823752918925,-2.38734887530171,0.016970378342444,0.0269294654250686
"YJR127C",1737.65423991735,0.0655274756523523,0.0412077662458668,1.59017296063518,0.111795823617156,0.152346170891921
"YJR128W",8.56116989402788,-0.132608265119899,0.175280577661345,-0.756548539999155,0.449320381304892,0.52288069971834
"YJR129C",139.540414948213,-0.762555140805725,0.0811731844555988,-9.39417550167491,5.7667695363553e-21,4.03146419111668e-20
"YJR130C",614.722937054231,0.224867665387809,0.0622090198608365,3.61471159473088,0.000300682155980821,0.000605324129643567
"YJR131W",395.29276474936,0.16698075564083,0.0447101776786171,3.73473701762293,0.000187911445111654,0.000387134720252491
"YJR132W",520.346949579792,-0.432303857438008,0.0638881392462916,-6.76657455574747,1.31867101622923e-11,5.05074494467755e-11
"YJR133W",395.121578255512,-0.163932935913798,0.062692082124391,-2.61489059477286,0.00892560405101621,0.0147949952450459
"YJR134C",1073.17026200431,0.298933264736365,0.0482810227986614,6.19152717586283,5.95840621844825e-10,2.02309360200916e-09
"YJR135C",86.2723086760385,-0.0234798562537123,0.0640253189739268,-0.366727673208065,0.713822162371256,0.77049782754619
"YJR135W-A",359.891975439016,0.0217635504346012,0.0455416295708129,0.477882557995888,0.63273379632994,0.698199516354453
"YJR136C",196.406898008351,-0.0146105790665813,0.0411909456503173,-0.354703657221542,0.722811610807628,0.778225495412598
"YJR137C",704.770739017209,0.683544854804612,0.0487677193883494,14.0163383356391,1.23841451846885e-44,2.23597204003863e-43
"YJR138W",386.058048074195,-0.066366155466734,0.0542476700738567,-1.22339181344338,0.221181743931911,0.280617708688236
"YJR139C",3984.63744588947,0.252280008319674,0.0469066662959729,5.37834018576019,7.51756706140373e-08,2.15113742992497e-07
"YJR140C",375.498754034347,-0.219498476200875,0.052063182483863,-4.21600189863362,2.48671666461134e-05,5.6288660532614e-05
"YJR140W-A",0,NA,NA,NA,NA,NA
"YJR141W",258.798591741508,-0.267063041840768,0.0463694889093723,-5.75945623128896,8.43853363502146e-09,2.59841866048848e-08
"YJR142W",545.285154734231,0.00638497450586357,0.0463835534012846,0.137656001700093,0.89051229381902,0.919104886598805
"YJR143C",2193.96957434478,-0.223574473009272,0.043920541330418,-5.09043072414118,3.57251075346281e-07,9.59972713791823e-07
"YJR144W",896.536296184494,0.337890310876257,0.0367899111389078,9.18431984248299,4.14136159305831e-20,2.76050643397753e-19
"YJR145C",20753.3604870605,-0.357525694238463,0.100997379434844,-3.53995020701614,0.000400202531523315,0.000795662778713551
"YJR146W",61.1404806947097,0.222438037843143,0.075114733127051,2.96131036592922,0.00306333072077912,0.00542969647725833
"YJR147W",422.86120226051,-1.25540566540612,0.0460982829682361,-27.2332413394041,2.62499689786787e-163,1.59799589915337e-161
"YJR148W",1688.65506774777,-1.40497508246253,0.0638655102186817,-21.9989643494863,2.94628852795319e-107,1.24340606035521e-105
"YJR149W",135.831671238359,0.322607820728763,0.0605697714048629,5.32621823140747,1.00278641803746e-07,2.83408700479855e-07
"YJR150C",61.7758949514585,-2.96656709674206,0.112468247750575,-26.3769299875742,2.52082982175074e-153,1.48211866186524e-151
"YJR151C",322.163042688592,0.404585055486598,0.069223631879902,5.84460890738186,5.07759761844737e-09,1.59637998250912e-08
"YJR151W-A",1.35391743078911,0.627745774605055,0.465511404984553,1.34850783006248,0.177495103471466,0.231072826794135
"YJR152W",210.111249233246,0.183809498638288,0.0454881209272458,4.04082417324459,5.32636824337908e-05,0.0001165767965199
"YJR153W",86.700241559273,-0.545361953003376,0.0798512222305717,-6.82972580468004,8.50770853715617e-12,3.30460344591176e-11
"YJR154W",82.9720432720605,0.0438903759087506,0.0898719511016105,0.488365673280281,0.62529085153524,0.692207236516079
"YJR155W",262.201131769251,0.441144774907892,0.0994140237477874,4.43745015318033,9.1030793255092e-06,2.15411361128923e-05
"YJR156C",98.4020313823089,1.44058521841438,0.110673000604024,13.0165913145216,9.84693577731546e-39,1.47897535397714e-37
"YJR157W",2.5732987117769,0.650425074873989,0.351244449125215,1.85177324935353,0.064058390496378,0.0917081515555846
"YJR158W",57.2620462367502,-0.00427808672484771,0.0934835206339225,-0.045763003958746,0.963499146463956,0.973118577084944
"YJR159W",129.364824799971,0.35511639081025,0.0848268320001249,4.18636865761681,2.83452830813166e-05,6.37629830988807e-05
"YJR160C",137.789964601443,0.0328575554493844,0.0562599452791255,0.584031059510748,0.559199415643959,0.629992266658171
"YJR161C",358.829272933085,-0.0434820832532324,0.0654553452533859,-0.664301488058886,0.506497368830611,0.579540153058179
"YJR162C",0.448784323264923,0.572146970153267,0.733381887463555,0.780148760057426,0.435303318585343,0.508827787348951
"YKL001C",363.89598655164,0.658043486535096,0.0611819612232241,10.7555147526933,5.58214766720124e-27,5.40078675143141e-26
"YKL002W",1141.42735245931,0.256275331923964,0.0394201734317189,6.50112137045435,7.97234761071265e-11,2.90321753383231e-10
"YKL003C",358.061475748048,-0.0535876610837155,0.039451130268734,-1.35833018518572,0.174358936298881,0.227291097744932
"YKL004W",1178.29319952617,-0.199874778384339,0.0444132481299908,-4.5003413801066,6.78444156527586e-06,1.62387520972626e-05
"YKL005C",546.845343311895,-0.245473256668061,0.0482068521681664,-5.09208225859145,3.5415238196501e-07,9.53135459912873e-07
"YKL006C-A",207.952689810673,0.280181116196186,0.066459612353282,4.21581026845021,2.48882946484582e-05,5.63009792179689e-05
"YKL006W",9634.55640751651,-0.284010287714072,0.0807063239145572,-3.51905865536324,0.000433080946379661,0.000858301305141368
"YKL007W",1322.77937118299,0.147694819179627,0.054176023357184,2.7262026636003,0.00640676471286946,0.010847190366682
"YKL008C",1206.2466948439,-0.409608475572346,0.0513404123346814,-7.97828566124794,1.4837967588751e-15,7.41790545370771e-15
"YKL009W",1025.63679171762,-1.21674004599751,0.0977858567548602,-12.4429041824296,1.52843813245061e-35,2.07789049666556e-34
"YKL010C",833.588789191266,-0.175009001025178,0.0313044424457782,-5.59054841268322,2.26353562449e-08,6.74647381320049e-08
"YKL011C",160.152217783864,-0.0090326116725419,0.077614829430101,-0.116377395130096,0.907353449722737,0.9313166786993
"YKL012W",699.306718988548,0.0464044184841968,0.0529298105906362,0.876716125872669,0.380640845641721,0.453721777364304
"YKL013C",1372.0391867337,0.111671939563159,0.0636700308303875,1.75391684449856,0.079444756847195,0.11167487123278
"YKL014C",757.170461034738,-0.684339999712155,0.102453968746088,-6.67948746239548,2.39779351846708e-11,9.03803924029316e-11
"YKL015W",592.18109275057,0.116776589017512,0.0299039481628723,3.90505589367285,9.42036094262119e-05,0.000200255447850096
"YKL016C",1148.86968458872,0.219066249550097,0.0674259849190331,3.24898849921373,0.00115816160585,0.00216847950099133
"YKL017C",392.18205572853,0.192642414797035,0.0371801294981836,5.18132716042439,2.20312679148088e-07,6.04760941683838e-07
"YKL018C-A",536.995369961868,0.557965981506027,0.0774503309716485,7.20417814237975,5.83949814913545e-13,2.45837868836614e-12
"YKL018W",279.70523162459,-0.134821699452514,0.0393650991777561,-3.42490435102719,0.000615015901047113,0.00119275285686583
"YKL019W",1054.17023298106,0.0817286846302972,0.0658261570378035,1.24158371547288,0.214390193126234,0.273463774988942
"YKL020C",819.709206813136,-0.0221491823159857,0.0306396626897224,-0.722892498533129,0.469745932582254,0.543140001411655
"YKL021C",770.91287439663,-0.464138107352458,0.0583418325303821,-7.95549414925823,1.78417953071946e-15,8.86804262414677e-15
"YKL022C",479.386443844126,0.100744132821861,0.0407577154136239,2.47178066286282,0.0134441973811276,0.0216840876400414
"YKL023C-A",250.062826240599,-0.414729037376624,0.0803981066848457,-5.15844283500766,2.49012109407624e-07,6.81095149349918e-07
"YKL023W",506.006253117068,0.613723744681977,0.0517528985234581,11.8587318235672,1.9388950306169e-32,2.3481793865517e-31
"YKL024C",1393.4705008864,0.0474900033328613,0.0569624612565683,0.833707011341355,0.404446106196732,0.478281080099127
"YKL025C",681.24282266096,-0.119747751540801,0.0284044868774484,-4.21580407551296,2.48889777295891e-05,5.63009792179689e-05
"YKL026C",201.102971342993,0.277985960659869,0.0797759325389791,3.48458428265998,0.000492902198808533,0.000969317960435649
"YKL027W",469.329435122573,-0.242535345352375,0.0522424724235826,-4.64249362828572,3.44229257548154e-06,8.46604598739275e-06
"YKL028W",1330.42152723485,0.0519948565852099,0.0437394113017122,1.18874157282438,0.234541375921975,0.295596101718313
"YKL029C",1016.02734100588,-0.894064582416325,0.102804350871071,-8.69675820955857,3.41500037453721e-18,2.02515410141737e-17
"YKL030W",2.04746767672373,0.0025130332234435,0.544184186887726,0.00461798281536979,0.996315395905735,0.997939522276479
"YKL031W",30.4639241234519,0.203847745791354,0.123126104108715,1.65560136306567,0.0978025739741508,0.135205768964667
"YKL032C",2539.608908909,0.237834430231695,0.0655616550639606,3.62764530577619,0.00028601781402689,0.000577492381183145
"YKL033W",260.283343366378,-0.242104766693166,0.0463506094382609,-5.22333513253261,1.7572892738639e-07,4.86846271240828e-07
"YKL033W-A",1138.49908689294,0.36568554405645,0.0354128342366057,10.3263563038523,5.35564764936413e-25,4.71722153392777e-24
"YKL034W",698.578221469677,0.246620690643236,0.0421496084486311,5.85107904249692,4.88394037642323e-09,1.53830704438715e-08
"YKL035W",5242.48559911181,-0.346668804652733,0.0668369207011157,-5.18678600115319,2.13954344715237e-07,5.884813823655e-07
"YKL036C",48.3113081553335,-0.780966303031949,0.157784954498304,-4.9495612906511,7.43809520900594e-07,1.9403358719284e-06
"YKL037W",197.740576346548,1.63541387488506,0.0613776127420573,26.6451202942345,2.0385846690335e-156,1.2089158567484e-154
"YKL038W",1022.04924747029,0.240059100537725,0.0483007384100612,4.97009173026886,6.69212335954087e-07,1.75505591270612e-06
"YKL039W",1992.76345264203,0.0190264692257793,0.0459672634457667,0.413913463615844,0.678937483357217,0.739106021208149
"YKL040C",565.394210040324,0.0874137955145901,0.0275373718301151,3.17436958232135,0.00150162355387757,0.00276912965407576
"YKL041W",610.590525502757,0.234802448107875,0.0350759685807656,6.69411159857841,2.16985783164594e-11,8.21488829052968e-11
"YKL042W",278.185703645611,0.390190416959554,0.0575032260807023,6.78553958715194,1.15653431860297e-11,4.4565116839484e-11
"YKL043W",1385.73522651772,-1.18008413210004,0.0788497583687634,-14.9662365048862,1.220344527479e-50,2.52094594730573e-49
"YKL044W",56.2464982427953,-0.953399326680504,0.0969341367632056,-9.83553739184272,7.91439318299381e-23,6.12408444384864e-22
"YKL045W",517.58220916469,0.81727823748334,0.0333217531113541,24.5268679217498,7.63678231362971e-133,3.92040489070588e-131
"YKL046C",2306.39822856798,0.319058564071667,0.0549446450560503,5.80690918553005,6.36366297664132e-09,1.98079808218623e-08
"YKL047W",294.493628670629,-0.22950755619073,0.0575386378199671,-3.98875546739283,6.64208467604941e-05,0.000143908347989115
"YKL048C",201.928485488077,0.18147540827454,0.0512500610745733,3.54097935630707,0.000398644767413638,0.000792794841005614
"YKL049C",281.13287015217,0.0778074439432225,0.0520676355008699,1.49435331938441,0.13508329573836,0.180399532398404
"YKL050C",93.4224514785294,-0.347397577329032,0.0826667277272864,-4.20238694429856,2.6411516435235e-05,5.96078810885766e-05
"YKL051W",908.980136062321,-1.06018014623765,0.0438060808547644,-24.2016661968139,2.1366533262597e-129,1.07284950593726e-127
"YKL052C",429.717275113141,0.00604765815503139,0.0657884616290146,0.0919258180733048,0.926756978451036,0.945308608357752
"YKL053C-A",523.284667942082,0.238712304351005,0.0604266655826545,3.95044641383501,7.80055617975387e-05,0.000167635195128169
"YKL053W",4.05047049644404,0.42337505146413,0.291393318898875,1.45293328297296,0.146242278850001,0.194096206098622
"YKL054C",2707.47894279444,-0.782919649123242,0.0679765586486509,-11.5174946288456,1.07697005612934e-30,1.22252095975474e-29
"YKL055C",44.0574744933092,-0.532680247859269,0.0906418562424336,-5.87675793437576,4.18379298784451e-09,1.32544723019589e-08
"YKL056C",19129.0995302747,-0.644955302116482,0.105831199404418,-6.09418872455451,1.09993834944247e-09,3.64298310342548e-09
"YKL057C",696.236547832815,-0.102904874132738,0.0548554644804479,-1.8759274961461,0.0606652364230351,0.0872316390790256
"YKL058W",720.111093537684,0.058617805801563,0.0275036450518078,2.13127407989546,0.0330665691544726,0.0499813072321725
"YKL059C",520.434769638002,-0.128970948264208,0.0380044928101305,-3.39357109456883,0.000689876487343955,0.00132782886302156
"YKL060C",137949.06362387,-0.232058842080896,0.0687767678619409,-3.374087635911,0.000740607857188099,0.0014203070670747
"YKL061W",187.804340930156,0.406763977091428,0.0644831842775604,6.30806281744027,2.82549543752273e-10,9.8214164298731e-10
"YKL062W",1110.34641303869,-2.15656939130196,0.0592494667216052,-36.3981232343408,4.55819864815302e-290,5.05739491945881e-288
"YKL063C",636.277885057197,0.251437214306354,0.0655114462122207,3.83806538924262,0.000124007463526466,0.000259758630206625
"YKL064W",2088.62330958927,0.0318941032982062,0.0426081855854354,0.748544038193178,0.454132072586577,0.527698399885652
"YKL065C",2142.38988222528,0.343750707762181,0.0637801140279878,5.38962203189755,7.06060223622572e-08,2.02458869458094e-07
"YKL065W-A",12.3626393572715,0.416498960940517,0.165977959567337,2.50936306257907,0.0120949100464196,0.0196274796436236
"YKL066W",167.532406372924,0.361965280443467,0.134335204298553,2.69449309533947,0.00704957872140615,0.0118654396928194
"YKL067W",2038.06384649657,0.456704349681283,0.063327797831246,7.21175163706615,5.52366555277972e-13,2.33255342772079e-12
"YKL068W",685.914250876916,-0.295050705990615,0.0718311946471156,-4.10755671599376,3.99866607113667e-05,8.84748276080707e-05
"YKL068W-A",191.713229191729,-0.307409232146197,0.0895948177382116,-3.43110505614756,0.000601127749904929,0.0011684537416208
"YKL069W",301.230309567935,0.432147082819751,0.0738640549188812,5.85057350688833,4.89880901184638e-09,1.54228408203621e-08
"YKL070W",119.045182551068,-0.0349244997197884,0.0646293184449429,-0.540381680638334,0.588933838852013,0.6581019943897
"YKL071W",94.8205828244313,-0.346580587928278,0.0727330351640313,-4.7651055279991,1.88754834830153e-06,4.76493397723532e-06
"YKL072W",308.409613927807,-0.0949230412460608,0.045907010613119,-2.0677242969712,0.0386659558318147,0.0577972859989251
"YKL073W",765.806390776066,-0.00799329527182819,0.0618897710556484,-0.129153737935805,0.897236001311205,0.923965037877213
"YKL074C",301.724953684464,-0.244830355214884,0.0676716557405742,-3.61791583988228,0.000296984928598429,0.000598757128906387
"YKL075C",235.913521827279,0.109295950337323,0.0455780936880305,2.39799301579886,0.0164851795652583,0.0262078923571555
"YKL076C",26.4700861137063,0.362174494382808,0.181444985951817,1.99605677987147,0.0459277427501637,0.067637966683446
"YKL077W",1382.69839229728,-0.178727709662289,0.0327016693202672,-5.4654001883482,4.61863618801854e-08,1.34911245593968e-07
"YKL078W",137.239567146932,-1.85729151681453,0.185471005930342,-10.0139183884735,1.32402195241946e-23,1.08086997277328e-22
"YKL079W",625.237991107321,-0.140357427708769,0.0478261834693217,-2.93474029343784,0.00333826963770143,0.00588517602197543
"YKL080W",2244.09593689534,-0.0362688075798299,0.0395778223074836,-0.916392198086452,0.359461225915173,0.431767727094548
"YKL081W",10324.5074451049,-0.451746833344906,0.0445558591109589,-10.1388872834862,3.71304759884557e-24,3.1073058920266e-23
"YKL082C",477.82649589205,-0.664107033846951,0.133746115692094,-4.96543043818811,6.85488606089869e-07,1.79432120292702e-06
"YKL083W",18.9517079779314,0.24102601100506,0.1541915674939,1.56315948350804,0.118015087355617,0.159713906338636
"YKL084W",359.910278025467,0.499958627003859,0.0815466847001423,6.13094976015605,8.73559904802612e-10,2.92135079491355e-09
"YKL085W",2786.65702011453,-0.0705584233549346,0.0996867537457032,-0.707801394906752,0.479068600017542,0.552474920288461
"YKL086W",155.274294839582,0.432341623273866,0.100017880519735,4.32264332164647,1.54170867403407e-05,3.57686811759878e-05
"YKL087C",531.181278575874,-0.161398631127321,0.0396904790978574,-4.06643192009325,4.7738422616987e-05,0.000104917766511902
"YKL088W",962.245051144098,-0.111129138616541,0.0554061506729236,-2.00571844942927,0.0448862956674644,0.0662602634971004
"YKL089W",171.35913593819,0.234906899756523,0.0490999582488991,4.78425864571463,1.71619576114907e-06,4.35313814194117e-06
"YKL090W",231.934989740673,-0.0212659669090536,0.0496156350498268,-0.428614223877152,0.668203992514372,0.729383571010214
"YKL091C",689.529517254228,-0.076012037827141,0.0699624795288577,-1.08646860916054,0.277271721633942,0.343494873721714
"YKL092C",358.885115408549,0.111752335617606,0.0734540344578809,1.52139139044412,0.128161648129995,0.171990631581396
"YKL093W",267.302567402021,0.0265778104877739,0.0540378668993363,0.491836780627999,0.622834732876305,0.689710258766275
"YKL094W",1861.80146884555,0.14120221455888,0.0485845063335985,2.90632189590104,0.0036570502309094,0.00641102154394132
"YKL095W",187.357083384534,-0.173179924740378,0.0577592950280011,-2.99830398997118,0.00271486728364756,0.00485584296521361
"YKL096C-B",10.3393817032955,1.03601735455761,0.207813787528522,4.98531578139599,6.18606952484805e-07,1.62605931453686e-06
"YKL096W",2513.09730661473,-1.20300553655372,0.0930691971771596,-12.9259257954462,3.21404460793744e-38,4.72423351666701e-37
"YKL096W-A",11379.350155956,-0.584672167643326,0.0704350122613086,-8.30087408055296,1.03348185669866e-16,5.58908938068405e-16
"YKL097C",13.3837695917691,1.91950115692364,0.192497465263665,9.97156588163113,2.03002705962424e-23,1.62757064605538e-22
"YKL098W",704.011609329453,-0.0476126888352269,0.0447901151803585,-1.06301778067555,0.287773888004872,0.354957248625697
"YKL099C",289.472992014664,-0.831304677651248,0.111959341416668,-7.42505866087102,1.12729942609256e-13,5.02898362651796e-13
"YKL100C",1504.24043333643,0.139218494823802,0.0431093619338455,3.22942601278681,0.00124038971722659,0.00231676374281881
"YKL100W-A",0,NA,NA,NA,NA,NA
"YKL101W",1277.09398532006,-0.0200213641348744,0.0623273784617899,-0.321229042982267,0.748036824361222,0.800022592472146
"YKL102C",12.4705525707679,-0.495004579162293,0.165503089975241,-2.99090838265523,0.00278148930652029,0.00496467694331942
"YKL103C",1800.92958158086,0.780439413953838,0.108045701094475,7.22323429852544,5.07654361089761e-13,2.14901806149937e-12
"YKL104C",2739.55126186768,0.412081247027402,0.0390488052489979,10.5529796468735,4.92112334418924e-26,4.53178145711885e-25
"YKL105C",930.605911632111,0.0876840964314882,0.0455861935769319,1.92347922805863,0.0544198927284869,0.0791279733839065
"YKL106C-A",2.134757555464,0.105187332501148,0.347353725702511,0.30282482874888,0.762023360700127,0.81157434560399
"YKL106W",338.05661920409,0.0618431979299915,0.0469088553301123,1.31836936746338,0.187380030030272,0.242701417167811
"YKL107W",71.9778229655675,0.769951005338541,0.0958793419505764,8.03041603826853,9.71426776494518e-16,4.93533589032924e-15
"YKL108W",284.12247776262,0.942809997618779,0.0503218953748157,18.7355820085151,2.53850669023669e-78,8.19830400100384e-77
"YKL109W",1667.17819012322,-2.18239566740319,0.054734158940949,-39.8726446086019,0,0
"YKL110C",497.271901348448,-0.601173214148666,0.0688823624625218,-8.72753478041288,2.60283825264131e-18,1.55289890198782e-17
"YKL111C",1.54800164158002,0.127314954769032,0.447795490694936,0.28431495496181,0.776169026444181,0.823833780729752
"YKL112W",451.014929899717,0.203659090691542,0.0614616510563127,3.31359615616158,0.000921044313363824,0.00174349582598507
"YKL113C",525.015750034237,0.411875278447477,0.0361465017754237,11.3946096639292,4.44819026750311e-30,4.94331193055798e-29
"YKL114C",580.111215978553,0.193625081396991,0.0516595954013677,3.74809519688698,0.000178182629162644,0.000367862636857692
"YKL115C",20.4678651017522,0.244461149426917,0.12588219577557,1.94198351816771,0.0521390956089451,0.0760044159131031
"YKL116C",404.643143346362,0.0745411690440108,0.0409007327355918,1.82248982006978,0.0683806969743581,0.0973775205977753
"YKL117W",6573.42091527803,0.374432209570913,0.0553630059330093,6.76322037181264,1.34957716980336e-11,5.16337116300183e-11
"YKL118W",1.63796180083741,0.241235988624997,0.479255269454386,0.503355944108104,0.614714040198838,0.682145165757026
"YKL119C",228.232634317881,0.0620382020935444,0.0529928928124943,1.17068910189627,0.241723767358027,0.303212581264746
"YKL120W",554.879489964535,-0.149031818883857,0.0467841759189236,-3.18551766610418,0.00144495281495196,0.00267343475364565
"YKL121W",413.841710662321,0.227760559002561,0.0377059723268084,6.04043722910777,1.5369716914991e-09,5.02749798660118e-09
"YKL122C",817.977591603878,-0.15374524043874,0.0674812040042323,-2.27834169095586,0.0227062275324564,0.0352826155852196
"YKL123W",10.7444961160836,0.70992904138061,0.24010414560449,2.95675461826484,0.00310895425330405,0.00549922764424751
"YKL124W",386.257870487512,0.234426880652853,0.0377270554076538,6.21376034041857,5.17314099791395e-10,1.76868970798459e-09
"YKL125W",239.63890824397,-0.744596291872673,0.113881396993939,-6.5383487692226,6.22017375809692e-11,2.27841188934764e-10
"YKL126W",2025.60970370902,0.0543995773738078,0.0393658462682896,1.381897825924,0.16700307559883,0.218863432471776
"YKL127W",1153.21282604859,-0.134917042332862,0.0316009070454805,-4.26940410725198,1.95995889377513e-05,4.48670789693148e-05
"YKL128C",1008.22510112543,0.0341175383835357,0.0623696503668045,0.547021478922612,0.584363975818597,0.65395148684824
"YKL129C",1190.93749605748,0.350167775387102,0.0720884384512624,4.85747483105553,1.18892244414556e-06,3.04489854552395e-06
"YKL130C",312.726007764066,0.00653757036113975,0.0416143182459284,0.157099061974406,0.875166776839442,0.907761196905688
"YKL131W",4.11091327767732,-0.699944410352246,0.247795641125159,-2.82468411136704,0.00473272494411076,0.00816154797957832
"YKL132C",156.97195720022,0.0904059194995242,0.0589633193412994,1.53325695550185,0.12521255587327,0.168328546385035
"YKL133C",250.604292136035,0.487273682364222,0.0681547252155708,7.1495216336504,8.70808246014192e-13,3.64151363181254e-12
"YKL134C",240.081296088791,-0.133449814668776,0.0361316191825161,-3.69343576867299,0.000221244412337238,0.000452285382605604
"YKL135C",730.857490007862,-0.0300470972930279,0.0287961623530336,-1.04344102956005,0.296744079256793,0.365170397353752
"YKL136W",12.6548350910627,0.00948349823642262,0.156827026189137,0.060471071006507,0.951780455664613,0.963262873991007
"YKL137W",222.433163421963,-0.295749846806133,0.0492049174844858,-6.01057499790304,1.84866462018177e-09,6.00990733564762e-09
"YKL138C",317.902757412381,-0.38684702998903,0.0741638002967089,-5.21611660191849,1.82713183844825e-07,5.05381580888038e-07
"YKL138C-A",247.939664655985,0.156506104073317,0.0887599250856709,1.76325187208369,0.0778580185800799,0.109661201845285
"YKL139W",330.305901790551,-0.125545597015211,0.0540190928762504,-2.32409672822194,0.0201203103701178,0.0315423006007384
"YKL140W",1004.84142569392,0.0952926833563452,0.0339801189582438,2.80436579617172,0.00504156710162712,0.00866157344957367
"YKL141W",1152.37751365297,0.413198731511079,0.0590144972998608,7.00164790715,2.52969173697094e-12,1.02242946290383e-11
"YKL142W",1452.0328686221,0.290352334114003,0.0743946310190143,3.90286678133793,9.50600296074596e-05,0.000201764252906422
"YKL143W",552.587155069538,-0.683861430842572,0.11314439349044,-6.04414774560046,1.50201825861675e-09,4.92018266715459e-09
"YKL144C",180.884916968903,-0.234561600070554,0.090083523965514,-2.60382353781308,0.00921902089516225,0.0152336403405768
"YKL145W",4181.43603350504,0.18808225214935,0.0440971496833756,4.26517934832091,1.99741687362884e-05,4.56637775795706e-05
"YKL145W-A",0,NA,NA,NA,NA,NA
"YKL146W",963.906118989632,0.33291863323745,0.0435467068215974,7.64509322372768,2.08794001567823e-14,9.71125041774885e-14
"YKL147C",1.59040807654025,0.0489701327749791,0.430443618525655,0.113766659946569,0.909422768463861,0.933162175456877
"YKL148C",1527.11737184759,0.195258450121273,0.112971191588701,1.72839152509038,0.0839180538797751,0.11752286087927
"YKL149C",262.936587508178,0.251348513295969,0.0499402768784299,5.03298197380502,4.82908550610179e-07,1.28210263205227e-06
"YKL150W",1945.87701044055,-0.204750849714915,0.0533355286224216,-3.83892041577779,0.000123576474354332,0.000259013579245415
"YKL151C",1359.3949413453,0.639483359186974,0.0887254354661468,7.20744120135616,5.70130449027264e-13,2.40461518017079e-12
"YKL152C",17130.2852988484,-0.785824053243467,0.0449661086275212,-17.4759185802106,2.18596652453911e-68,6.11270883020511e-67
"YKL153W",658.205302945302,-0.247696018887437,0.150277296628839,-1.64825974677471,0.0992993811235592,0.136953855513333
"YKL154W",568.125119566137,0.218573744753094,0.0340343808070478,6.42214547672428,1.34366915861566e-10,4.82164848310751e-10
"YKL155C",356.941290989056,-0.128546591721868,0.0605069192734138,-2.12449407878465,0.0336288506587022,0.050742018793861
"YKL156C-A",0,NA,NA,NA,NA,NA
"YKL156W",1145.99560558714,-0.344531009910364,0.062674554935595,-5.49714330264343,3.85993022967041e-08,1.13423579879978e-07
"YKL157W",1831.7925891743,0.103642667829565,0.0392287686347178,2.64200665574398,0.00824164362639837,0.0137440646075138
"YKL159C",293.701281459962,-0.0128261645437669,0.0792630428901324,-0.16181771574863,0.871449401758145,0.904860442972721
"YKL160W",1252.88613852295,0.0548251981360706,0.0407808936767069,1.34438442106494,0.17882410892944,0.232495000061542
"YKL161C",308.73946995906,0.745314998805286,0.0558162164720154,13.3530189954557,1.1374396731915e-40,1.84538856412367e-39
"YKL162C",183.713266589164,0.723041344320737,0.0566107515364852,12.7721559014235,2.34566158734088e-37,3.35463743436963e-36
"YKL162C-A",27.5284508880864,2.6860391487584,0.156396955289277,17.1744976990775,4.12205406789699e-66,1.13422439732254e-64
"YKL163W",410.932466892934,-1.36766854929969,0.118665175537528,-11.5254415889451,9.8207383617506e-31,1.11849104620004e-29
"YKL164C",4567.73545385851,-0.553254099291807,0.0584990354781643,-9.45749096151025,3.15420719296097e-21,2.22998882634928e-20
"YKL165C",397.971265518076,-0.208747045874545,0.0499457220296065,-4.17947798914201,2.9217899589496e-05,6.55386308455542e-05
"YKL165C-A",5.26031131115281,-0.595473480401317,0.250117522214569,-2.38077474592315,0.0172762725018346,0.0273643745199448
"YKL166C",254.860472299476,-0.561452950974984,0.085695188263226,-6.55174418020291,5.68689037694859e-11,2.09534648650398e-10
"YKL167C",264.54109426183,-0.102771834299074,0.0635918126164397,-1.6161173910697,0.106068934840855,0.145377207166814
"YKL168C",547.73345676822,0.0576123859512969,0.0399027906741712,1.44381846427069,0.148790046717529,0.196902631532363
"YKL169C",15.1601172862765,-0.324411989570074,0.132818750748219,-2.44251649516757,0.0145852630701253,0.0233765201909114
"YKL170W",44.1257054970671,-0.526605691017171,0.125853734357841,-4.18426750468816,2.86087070364835e-05,6.42924847121758e-05
"YKL171W",609.430052402494,0.117269132394548,0.0522539360090718,2.24421625146457,0.0248184908995438,0.0383310280417517
"YKL172W",1451.48651227783,-0.736011737900103,0.101566402826495,-7.24660633258249,4.27343708630979e-13,1.82024605057121e-12
"YKL173W",544.80668487571,-0.184422220717579,0.0638293218286819,-2.88930252482658,0.00386097427049618,0.00674444946844673
"YKL174C",602.023984895327,-0.0471960035229877,0.0487014301062334,-0.969088657561762,0.332500956381242,0.402760006857996
"YKL175W",1402.72800441216,0.244780562710566,0.0421191296581221,5.81162442570471,6.18695221780129e-09,1.92841161333281e-08
"YKL176C",753.959249650652,-0.212940654512865,0.0334368439808431,-6.36844358381624,1.9095598439381e-10,6.74325573226397e-10
"YKL177W",0.68911725573876,1.38465065285593,0.621277826546282,2.22871410131161,0.0258329334074548,0.0397905841714916
"YKL178C",36.7123529005327,1.61051892977629,0.109518608105081,14.7054364335149,5.94861608518465e-49,1.17926599567681e-47
"YKL179C",934.347995479889,0.111149330148379,0.0508913013897476,2.18405360273947,0.0289583094723734,0.0442381103398748
"YKL180W",10151.8672507927,-0.260825428934865,0.0407926939554957,-6.39392507931498,1.61680671639781e-10,5.76568864805626e-10
"YKL181W",3179.17600621341,-0.422417012120364,0.0482412415442424,-8.75634620085312,2.01681611348427e-18,1.21061763042394e-17
"YKL182W",6623.24337246468,-1.10940935404606,0.039569355763157,-28.037084067945,5.74076247199727e-173,3.72553821178011e-171
"YKL183C-A",16.8199313858339,-0.343911717023015,0.185188880719043,-1.85708621212943,0.063298889508343,0.0907341239691377
"YKL183W",705.076010571253,0.0276420689214866,0.0606262391935764,0.455942332712192,0.64843144712056,0.711980833957276
"YKL184W",994.598947960421,-0.0736902063368654,0.0406811322983599,-1.81140991348061,0.0700774225477028,0.0994969225398653
"YKL185W",1105.38752407281,-0.706555860632552,0.0516485981255627,-13.680058825892,1.3358458558367e-42,2.27457515898531e-41
"YKL186C",687.914985163546,0.230914822890442,0.0557528111894967,4.1417610693314,3.44649276212894e-05,7.67262903258413e-05
"YKL187C",365.728813842158,0.205235313601642,0.0629342964808245,3.26110443872484,0.00110979155886942,0.00208131301348493
"YKL188C",296.078774426718,0.568188483248589,0.0588459525669129,9.65552359106618,4.65773768663686e-22,3.46010556656317e-21
"YKL189W",345.197127477568,0.0823651389750329,0.0490975008375597,1.67758312683857,0.0934285090376309,0.129601676481118
"YKL190W",1252.74071473081,0.336439625991095,0.0483405826304006,6.95977598291323,3.40814240391469e-12,1.36305881375169e-11
"YKL191W",881.05105514274,-0.372439693622727,0.0823415430333594,-4.52310801938504,6.09381201822276e-06,1.46776375606983e-05
"YKL192C",1512.21410435846,0.0402817162611012,0.0769513390932286,0.523469984223391,0.600647233571753,0.668417322833601
"YKL193C",532.859850487488,0.189334338349493,0.0556643097135573,3.40135967415725,0.000670515432612401,0.00129273420990491
"YKL194C",307.367130302956,0.0830594687159983,0.0433230070112194,1.91721384193134,0.0552107702645476,0.0801424116163374
"YKL195W",2396.68864700414,-0.0253128849826169,0.0398266937953179,-0.635575855548238,0.525052910628386,0.597393147901532
"YKL196C",1680.49968806523,0.0980033652294554,0.0412968931788118,2.37314135969284,0.0176375122913976,0.0279108458827983
"YKL197C",379.210481418094,0.0752815779044914,0.046396501816868,1.62257012827467,0.104681330492961,0.14367575268577
"YKL198C",1016.46604443968,-0.146298423935459,0.0567416126679679,-2.57832685848297,0.00992800390354415,0.0163306405673076
"YKL201C",550.939180634638,0.0545405150827957,0.0381454999640183,1.42980207715831,0.152773832769584,0.201714241002298
"YKL202W",25.8316318175954,0.532461252741095,0.165329574897463,3.22060498293379,0.00127920331138008,0.00238537261560953
"YKL203C",970.480768694081,0.304193186710727,0.0448875433735666,6.77678402177518,1.22880367389522e-11,4.72759534268748e-11
"YKL204W",935.727602847232,-0.0130665048108786,0.0423421402006205,-0.308593395349607,0.757630845565062,0.807959435815682
"YKL205W",486.522698401963,-0.466757375230366,0.0755550332965566,-6.17771384466636,6.50364532706742e-10,2.19521963713919e-09
"YKL206C",463.030968736545,0.254654533214367,0.0345510744525822,7.3703795684807,1.70142907027572e-13,7.51227893095424e-13
"YKL207W",2213.55723672932,0.233092154861228,0.0548925956991315,4.24633143855714,2.1729911904659e-05,4.94967099311752e-05
"YKL208W",249.288942956041,0.337209590174914,0.0749310426858522,4.50026555200443,6.78686229068847e-06,1.62388958948334e-05
"YKL209C",1128.07992650105,-0.0425607512823753,0.0793636158920617,-0.53627535494678,0.591768260715565,0.660340572883132
"YKL210W",3223.19132013443,0.041757581830621,0.0396038619848501,1.05438156123751,0.291708260683664,0.359359084033474
"YKL211C",1270.1154046929,0.324934861947905,0.0497950434362818,6.52544589831908,6.77995279392720e-11,2.47554645803743e-10
"YKL212W",1950.1366868617,-0.339870271634507,0.0347182436734123,-9.78938551245853,1.25053553880811e-22,9.59022739293307e-22
"YKL213C",1305.05986428027,0.0422155167449195,0.0379718238241579,1.11175899636566,0.26624178612032,0.330710951015111
"YKL214C",368.553822245955,0.161196853510413,0.0429325813551335,3.75465086007782,0.000173583270734813,0.000358797872411292
"YKL215C",552.253987159772,0.0622907791883925,0.0400779007343303,1.55424256378366,0.120126568166423,0.162284104952244
"YKL216W",5075.87263967508,-0.526732019710366,0.0460425181952459,-11.4401218777116,2.63515089374794e-30,2.93795834653032e-29
"YKL217W",338.070865195012,0.6540069665076,0.0769794641962888,8.49586280361679,1.96467955814795e-17,1.10688211961505e-16
"YKL218C",505.424454585184,-0.0596458877001065,0.149812503290008,-0.398136913743733,0.690529265505653,0.750537338823414
"YKL219W",287.790851001693,0.189251909693498,0.070222541644023,2.69503075882481,0.0070382133552635,0.0118492094152858
"YKL220C",223.636587219016,-0.160285871488027,0.045146850891083,-3.55032229988129,0.000384759790249113,0.000767622562970897
"YKL221W",52.3669293904439,1.29294179243539,0.0903797192380588,14.3056628559534,2.01706713789999e-46,3.82242557620221e-45
"YKL222C",194.368627804444,0.001691667703992,0.0777456248509796,0.0217590083973797,0.982640192998461,0.988965894314033
"YKL223W",3.46526113436545,-0.0230457267167571,0.286685730314886,-0.0803867241367209,0.935929685337284,0.952269374164983
"YKL224C",12.2859558456618,0.722698331037814,0.163526232486957,4.41946420489726,9.89459078458476e-06,2.3301913730626e-05
"YKL225W",0.169666616146719,-0.720700379517002,1.30647313942934,-0.55163811468164,0.581196317343374,0.651572598925207
"YKR001C",2070.13558021621,0.0809818028881548,0.0405024946397421,1.99942753177216,0.0455621155201519,0.067142629105211
"YKR002W",856.830862887197,0.272012443457258,0.0375270004017281,7.24844619994546,4.21579821913413e-13,1.79792163356625e-12
"YKR003W",652.432095614201,-0.00378808085162256,0.049113060098662,-0.0771298071024852,0.938520280984326,0.953771755486952
"YKR004C",126.202418442857,0.0167498142022767,0.0956371184902691,0.175139260432454,0.860970209638338,0.896279369264849
"YKR005C",61.8200024080928,-0.370041326265031,0.108337441879613,-3.41563655043868,0.000636331162692401,0.00123062189152686
"YKR006C",471.046342561937,-0.229450877547653,0.0375501853134434,-6.1105125216388,9.93116849198189e-10,3.30510440524158e-09
"YKR007W",708.733208939442,0.151443155824683,0.060653963462455,2.49683857706062,0.0125305983351643,0.0202914279537654
"YKR008W",579.803199771887,-0.0869187608037987,0.0558865087952425,-1.55527268883896,0.119881138955651,0.162048016285306
"YKR009C",424.407526085801,0.0903988855688656,0.0586114217405257,1.5423424800897,0.122990391202054,0.165794807187719
"YKR010C",291.034486342898,0.114111780211875,0.063980850034955,1.78353023052259,0.0745000314804474,0.105393462209933
"YKR011C",577.4389211443,0.218865334939892,0.0757386393302924,2.88974474423063,0.00385554751501456,0.00673668055773055
"YKR012C",18.0840244750408,0.592297359170641,0.138554320806487,4.27483860281685,1.91275805756831e-05,4.388770757792e-05
"YKR013W",2591.06211966874,0.49127632258368,0.0810088667314236,6.06447593215264,1.32384600395368e-09,4.35104474973596e-09
"YKR014C",1460.92838859126,0.156652090151703,0.0375323116847982,4.17379274336444,2.99570298853357e-05,6.71252145215713e-05
"YKR015C",179.127897684388,-0.154645501526818,0.0739728140901266,-2.0905721031297,0.036566438654688,0.0548496579820321
"YKR016W",774.619312269816,-0.0101568981416362,0.0510659815782008,-0.198897540549226,0.842342893437327,0.880753422093839
"YKR017C",396.041120974219,0.158167657677096,0.041565595427526,3.80525422648829,0.000141658615438621,0.000295562516106239
"YKR018C",2097.33655368918,0.159874781074017,0.0374158844784077,4.27291198117417,1.92936631158713e-05,4.42108955942967e-05
"YKR019C",352.581344496266,-0.054474328858859,0.0464663489138507,-1.17233934088205,0.24106084273005,0.302491342053998
"YKR020W",308.167843941003,0.352353196064734,0.0566317639165813,6.22182979473765,4.91389954816132e-10,1.68424090641762e-09
"YKR021W",586.721594136796,0.00511519451341121,0.0380526761171616,0.134424041496106,0.893067271795639,0.920498915595175
"YKR022C",479.672201366486,0.240148325606339,0.0323694616511037,7.4189780539075,1.18027465634545e-13,5.25168781435985e-13
"YKR023W",508.755311007092,0.250372981658979,0.0397824284887699,6.29355700921215,3.10272480555596e-10,1.07633101045988e-09
"YKR024C",163.712685923329,-1.47153624530043,0.137661392881208,-10.6895347671679,1.13941079124668e-26,1.09164440570834e-25
"YKR025W",709.739713451825,-0.126580807711394,0.054919900691916,-2.30482586670129,0.0211763278096798,0.0330696842231072
"YKR026C",743.014354633788,-0.403514070825527,0.0389405936815586,-10.3622988936767,3.68008995285342e-25,3.26649532718434e-24
"YKR027W",402.097514051503,-0.242440184028356,0.034265487262436,-7.07534616891716,1.49076149905248e-12,6.14068763591739e-12
"YKR028W",1449.28493253208,-0.188745996669316,0.0338144134340295,-5.58182081252278,2.38013529268513e-08,7.07866436592347e-08
"YKR029C",359.586887582892,0.187361597278494,0.0571157299760409,3.28038523462958,0.00103665430912923,0.00194946555289776
"YKR030W",416.550333662228,0.0530235185662323,0.0799464696858862,0.663237773657354,0.507178282667542,0.580126273107752
"YKR031C",819.61020194285,0.0222646733626968,0.0732014200053416,0.304156304086343,0.761008812975113,0.810619328655281
"YKR032W",0.246629318720328,-0.137402425783188,0.891806525558183,-0.154072012084894,0.877552955874586,0.909002677828832
"YKR033C",0,NA,NA,NA,NA,NA
"YKR034W",2.27576697237669,0.751951586917053,0.351143014891331,2.14143968419751,0.0322385975968666,0.0489017227935711
"YKR035C",8.462345910638,0.122964717463549,0.185330531762813,0.663488720902824,0.507017600871595,0.580038928387777
"YKR035W-A",0,NA,NA,NA,NA,NA
"YKR036C",481.160312977667,0.0641961334167949,0.04372340517714,1.46823270412522,0.142041023580889,0.188957687335706
"YKR037C",169.474389712526,0.231282006999346,0.0475482667783489,4.86415221142529,1.14948432069559e-06,2.94608891284089e-06
"YKR038C",836.249430343064,0.0733142592293843,0.0381360655949474,1.92243898487257,0.0545505441280183,0.0792844270138681
"YKR039W",952.501985536807,1.96711507850169,0.077961433488371,25.2318998058843,1.78972879288541e-140,9.694129422251e-139
"YKR040C",0.150917658176667,0.650111256481986,1.54561504183151,0.42061654350337,0.674035111379573,0.734815773562613
"YKR041W",37.6320783242144,1.08854657236129,0.113331301061277,9.60499493227138,7.61616774360811e-22,5.59739507567096e-21
"YKR042W",17949.4172789614,0.0439960744501904,0.0804875207408402,0.546619824355781,0.584639946508161,0.654127770799994
"YKR043C",2661.16154655689,-0.147791529578348,0.0680688286162394,-2.17120718224155,0.0299155146894746,0.0456193361890702
"YKR044W",567.554201369938,0.0460514637875278,0.0500356083259067,0.920373816334395,0.357377446645572,0.429414752048015
"YKR045C",164.552689175412,-0.096009860850653,0.0752625803729135,-1.2756652824676,0.202073866117268,0.259292319533797
"YKR046C",1550.91937737492,0.225639647478365,0.0473906724103472,4.76126705957224,1.92381266058279e-06,4.84936141156064e-06
"YKR047W",61.2207225555374,0.165438575611129,0.224907597569357,0.735584646312856,0.461983509222281,0.535396238696941
"YKR048C",2042.55781712105,0.0328685800020989,0.0579283061303287,0.567401020291363,0.570441756856852,0.641292506196811
"YKR049C",666.609420418207,0.40453196664736,0.12187279167805,3.31929679362731,0.000902444587177167,0.00171111254553245
"YKR050W",683.326047015721,0.0243168035412767,0.0544157276909595,0.446870869381329,0.654968298088131,0.717554853089386
"YKR051W",642.343227398556,0.231538107461489,0.0314909719602,7.35252337571922,1.94499505456712e-13,8.55474487235755e-13
"YKR052C",538.64194656575,-0.14935997483974,0.0487066242393062,-3.06652282256109,0.00216564274936539,0.00392244772851093
"YKR053C",486.868366420465,-0.803965372124095,0.0532187306511915,-15.1068122498727,1.46035507117937e-51,3.09101001065934e-50
"YKR054C",726.546177481173,-0.00281468842984225,0.0423399463559652,-0.0664783182807621,0.946997019023594,0.959268516251406
"YKR055W",178.966501535074,0.524542846196121,0.0439032221794276,11.9477072560272,6.67411266221855e-33,8.31725018177562e-32
"YKR056W",321.834192892302,-0.715180549883928,0.101620108660978,-7.03778572280308,1.95318738007297e-12,7.96441967250856e-12
"YKR057W",8925.35865668333,-0.373076308994147,0.106465590720552,-3.50419611133694,0.000457987949219254,0.000905836429752516
"YKR058W",1267.23509656909,-1.16030585776977,0.092509893347175,-12.5425056260234,4.36957727815377e-36,6.07238830230703e-35
"YKR059W",8062.1250644379,-0.444749352835819,0.0443428087861968,-10.0297966008473,1.1274862327604e-23,9.26640118895917e-23
"YKR060W",121.068605375071,-1.05762872978671,0.102522249454519,-10.3160897796716,5.9601257000527e-25,5.23623303839879e-24
"YKR061W",294.636761917541,-0.64076883906316,0.0501691820972807,-12.7721603637204,2.34552709475849e-37,3.35463743436963e-36
"YKR062W",651.937172312997,0.304447472508605,0.0410397625901199,7.41835364763779,1.18585114989199e-13,5.26968350136112e-13
"YKR063C",286.880573653793,-0.0224996073005058,0.0762661328429934,-0.295014398420135,0.767982880617408,0.817162294782235
"YKR064W",350.488277468396,-0.0656531226424898,0.0545228488136017,-1.20413962349875,0.228535617300652,0.288988329303526
"YKR065C",798.223068827035,-0.0570564192788626,0.0540925547929666,-1.05479246630594,0.291520250905288,0.359191797595822
"YKR066C",2276.55401332697,0.116235786707378,0.0661767797374199,1.75644368264193,0.0790126796037595,0.111150965847497
"YKR067W",1129.0997803851,0.0326404747449736,0.0703304273638508,0.464101754651793,0.642574844687997,0.706565274393978
"YKR068C",561.86829992108,0.243701189343319,0.0342388695562951,7.11767626973282,1.0976180094188e-12,4.54302905342476e-12
"YKR069W",455.606194313035,0.991064655719886,0.0425126579464904,23.3122251957832,3.33238556726175e-120,1.51811127928434e-118
"YKR070W",728.582588083129,0.171764825899826,0.0635717934684786,2.70190310086176,0.00689438518022556,0.0116269859413512
"YKR071C",968.05344456791,0.186987693018235,0.0277648897299615,6.7346816370192,1.64289254183228e-11,6.26466618362763e-11
"YKR072C",1450.33523952774,-0.324882678281511,0.0596777019249237,-5.44395423755128,5.21106128475632e-08,1.51636592968861e-07
"YKR073C",7.26708299094175,-0.138702479823809,0.22355036407164,-0.620452936410159,0.534959630011474,0.607058280245617
"YKR074W",613.175767375785,0.0327214288873082,0.0434958317445792,0.752288841824163,0.451877376578372,0.52552231166232
"YKR075C",3792.33810532725,0.250884906443361,0.0763417398143774,3.28633991121214,0.00101498449204295,0.00191185058071289
"YKR075W-A",0,NA,NA,NA,NA,NA
"YKR076W",643.15103683173,1.30897221210002,0.0952717008119262,13.7393601766807,5.89948366941386e-43,1.02481182227015e-41
"YKR077W",271.716569755088,0.884360235493538,0.0613420665230067,14.4168640807341,4.05345541310626e-47,7.76705286539219e-46
"YKR078W",325.678568917732,0.11833817058915,0.0514842002250728,2.29853372630463,0.0215314306262242,0.033586102330566
"YKR079C",349.498494841913,-0.854354742934459,0.101615997250659,-8.40767955882972,4.18201836051953e-17,2.30883662134943e-16
"YKR080W",1344.5076468154,-2.40267304511705,0.184252961229426,-13.0400783199642,7.23826564169826e-39,1.09433031536796e-37
"YKR081C",785.099533914399,-0.655812975270628,0.0970826629545292,-6.75520175603128,1.42636629992366e-11,5.45109654287494e-11
"YKR082W",521.241447371169,-0.368948345558453,0.0728541802836986,-5.06420282435058,4.10112836360107e-07,1.09474823489374e-06
"YKR083C",214.326434090937,0.127299417732205,0.0509600742104852,2.49802261288727,0.0124888227016657,0.0202380709928759
"YKR084C",928.25225174357,0.0827338003381094,0.0345062268907733,2.39764841864619,0.0165006946480826,0.0262264968771165
"YKR085C",482.044441855522,-0.497176042460269,0.0582409036629694,-8.53654409858311,1.38295913826523e-17,7.8753111855352e-17
"YKR086W",419.350544141781,-0.310139222737206,0.0531217661262915,-5.83827017347055,5.27455769146172e-09,1.65527747990717e-08
"YKR087C",375.93552415031,0.190003511238937,0.0393173966852246,4.83255574523682,1.34791351448209e-06,3.43291264943439e-06
"YKR088C",783.019059592265,0.0877030171090184,0.0367685059931312,2.38527551610072,0.0170663345497884,0.027063004925771
"YKR089C",1868.74537668021,0.124311702996933,0.0387994882719619,3.20395212755334,0.00135555014334969,0.00251886262455498
"YKR090W",720.980079376933,0.176200920890319,0.0307449895994364,5.73104506412156,9.98137418465817e-09,3.05435378186226e-08
"YKR091W",1080.79677007856,-0.818548931347393,0.0800842759439795,-10.2210942372755,1.5952977534699e-24,1.36833581622437e-23
"YKR092C",679.972351951615,-0.628415952045155,0.0865433059218524,-7.261288962229,3.83418855448657e-13,1.64435056523149e-12
"YKR093W",443.379384464609,-0.446420165966041,0.0405398887050127,-11.0118744827941,3.34961053820935e-28,3.41362531738402e-27
"YKR094C",9405.80385059067,-0.317486677514383,0.0581481053531591,-5.45996598833524,4.76225805673847e-08,1.38988430938922e-07
"YKR095W",1624.19289172797,0.13535616987398,0.0794214934483088,1.70427631107285,0.0883294784233746,0.123049510343134
"YKR095W-A",228.594912946119,0.570798771912164,0.0660261191034873,8.64504501646554,5.37840895561504e-18,3.14342185264876e-17
"YKR096W",887.960464092878,0.275499302494478,0.0365174055658845,7.54432847091022,4.54623964390801e-14,2.08351648970308e-13
"YKR097W",151.216051497569,1.01409362574164,0.0736940524084481,13.7608611902768,4.3827480619989e-43,7.63263896670643e-42
"YKR098C",668.282584557706,0.410710394308733,0.060254314683424,6.8162818956054,9.3426888658298e-12,3.61464323442313e-11
"YKR099W",294.013580442708,0.223259975826314,0.0772076855363081,2.89168072162094,0.00383187138582885,0.00670041770796051
"YKR100C",758.950683974702,0.30974647284875,0.0297510508088101,10.4112784062412,2.20243905126598e-25,1.96505554262758e-24
"YKR101W",167.88700239541,0.486334855981083,0.0610914115173376,7.96077294503275,1.70967867329197e-15,8.51004312125576e-15
"YKR102W",163.6610065181,0.00478369727198828,0.0880584284827279,0.0543241272233989,0.956676927187947,0.967506701282842
"YKR103W",89.4227609604549,-0.136407013958499,0.0768675689428138,-1.77457171905593,0.0759686303317015,0.107197581138826
"YKR104W",57.8686143965449,0.323536375535722,0.121266323889608,2.6679820510618,0.00763083345866883,0.0127843408091045
"YKR105C",82.6224314206113,0.0244390682418598,0.0683889425296915,0.357354088802432,0.720826742436831,0.776626980842463
"YKR106W",82.2424316333231,0.859550494775892,0.0672056944461816,12.7898461857904,1.86843332853291e-37,2.68890227342634e-36
"YLL001W",736.889252870198,0.217548523490826,0.0371572308620315,5.85480991031344,4.77555912511649e-09,1.50623893726164e-08
"YLL002W",208.011353990842,0.184640311233321,0.0420500614590078,4.39096412292564,1.12849161560465e-05,2.64493827044101e-05
"YLL003W",375.231007757087,0.320446375375476,0.0523216727187879,6.12454378318086,9.09438044411133e-10,3.03985632045879e-09
"YLL004W",126.015484321221,-0.320809269014845,0.0789499747450952,-4.06344992573636,4.83526989788275e-05,0.000106098314601389
"YLL005C",207.308919937354,0.013278120302265,0.106150917612189,0.125087192847217,0.900454522286113,0.926003929402952
"YLL006W",231.871050706379,-0.206557324886459,0.0450289874650874,-4.58720785242197,4.49213393812934e-06,1.09540550728081e-05
"YLL006W-A",3.35629629706732,-0.655044407799181,0.295036187561499,-2.22021716458982,0.0264040297036979,0.04060659967175
"YLL007C",209.912018980628,-0.32457686881436,0.0489371440012822,-6.63252577236333,3.29990699392614e-11,1.23436977766275e-10
"YLL008W",739.208832158997,-1.21494630784322,0.13236132993329,-9.17901254434017,4.35062506951488e-20,2.89718778830521e-19
"YLL009C",442.641671127955,-0.3563495880292,0.0863543070663037,-4.1265988939682,3.68167719943351e-05,8.17503468524955e-05
"YLL010C",724.993282595243,-0.131041329784893,0.0433344542194003,-3.02395246797011,0.00249495634263856,0.00448583499242307
"YLL011W",270.621884977632,-1.1659813003243,0.126075974667171,-9.24824339770034,2.28212180623799e-20,1.54667151774494e-19
"YLL012W",472.948859989011,-0.555739970524516,0.0645420879209538,-8.61050499644734,7.27394292788686e-18,4.19777293631994e-17
"YLL013C",288.345276659437,-0.134409983661276,0.0898463355576666,-1.49599850485841,0.134654044798379,0.179861198867582
"YLL014W",527.359057043821,0.0471471916771098,0.0470501610301123,1.00206228086946,0.316313513771961,0.385938393266641
"YLL015W",1418.68251341287,-0.00256387288789808,0.0329579601026648,-0.0777922201468644,0.937993335119305,0.953396602418772
"YLL016W",331.521596770359,0.0150388308043153,0.0615437554179981,0.24435997937034,0.80695203420497,0.850340539720586
"YLL017W",83.6021044370824,0.34079462176531,0.0676023366470359,5.04116630678997,4.62703128418105e-07,1.23083326387786e-06
"YLL018C",4464.69116869443,-0.243124259928728,0.0422703197537748,-5.7516541475184,8.83744491876406e-09,2.71275250317617e-08
"YLL018C-A",357.680366390946,-0.022044698398689,0.0864812372348303,-0.254907296698693,0.798794700446755,0.843986114815888
"YLL019C",690.39553577206,0.0478224448548822,0.0584983037533467,0.817501393827103,0.413641953076867,0.487149973500388
"YLL019W-A",0,NA,NA,NA,NA,NA
"YLL020C",23.0913933752611,0.858549293783101,0.167259939494036,5.13302406051458,2.8512344078261e-07,7.76163098196904e-07
"YLL021W",1366.28052812605,0.201677845364489,0.0519005093285915,3.88585483983654,0.000101970427496029,0.000215765786141244
"YLL022C",628.988455367327,0.410701742794088,0.0536433241596406,7.65615757837554,1.91578634259981e-14,8.92260951302916e-14
"YLL023C",1409.13850619927,0.540849248595427,0.0453988624048938,11.9132775568651,1.00930411343593e-32,1.24649964027393e-31
"YLL024C",16328.3824815735,-0.739962695998074,0.0625199812941123,-11.8356192801318,2.5545105296599e-32,3.07749175718572e-31
"YLL025W",62.4568435422219,0.792236408558074,0.0912239536999147,8.6845217338877,3.80339231149229e-18,2.24194821857373e-17
"YLL026W",7263.75692567376,-0.852391057732608,0.124868840102975,-6.82629114701209,8.71379989919368e-12,3.38274432881226e-11
"YLL027W",1089.10896766893,0.185784613032054,0.0658478450619962,2.82142282495557,0.00478111398185965,0.00824086271140379
"YLL028W",465.594660417612,-0.847210818221228,0.0748413641396179,-11.3200878679969,1.04367259211165e-29,1.14322034412995e-28
"YLL029W",1793.28947868569,0.087855477702411,0.025077034295452,3.50342375686524,0.000459318124209716,0.000908206201908203
"YLL030C",0.0482537061982352,-0.432166519876875,2.95465011293956,-0.146266564011843,0.883710959999246,0.913809546745136
"YLL031C",690.980181681984,-0.173239943348528,0.0363956090742067,-4.75991329051014,1.93676147265962e-06,4.88021324924011e-06
"YLL032C",246.24204568999,-0.536996788882774,0.0531278339543669,-10.1076356574977,5.11026358820111e-24,4.24559217671926e-23
"YLL033W",61.2004963626073,-0.323068944841581,0.0777332653590628,-4.15612213573265,3.2369482785035e-05,7.22953480773559e-05
"YLL034C",407.488670743178,-1.05531021223413,0.133087123921473,-7.92946891584196,2.20085037686046e-15,1.08450213054607e-14
"YLL035W",149.979332745109,-0.791417332783433,0.0985843068232482,-8.02782266555228,9.92177544943122e-16,5.02961630925846e-15
"YLL036C",535.765609428811,-0.282949850807202,0.0431468591681247,-6.55783193174429,5.45956893695256e-11,2.01590846577008e-10
"YLL037W",9.56932325613252,-0.236014078403927,0.184010070397662,-1.2826150106561,0.199626988622822,0.256536504221934
"YLL038C",166.396894331416,-0.64228267767117,0.0788624984379295,-8.14433590607953,3.81369158762257e-16,1.99198059462837e-15
"YLL039C",3450.6617039382,0.0744010579870988,0.104825276732225,0.709762571647248,0.47785138279459,0.551256022512826
"YLL040C",1471.09895418049,0.0945244107822626,0.0665228753616851,1.42093092441259,0.155336841740126,0.204940954033434
"YLL041C",1031.200382985,-0.144493907524854,0.097446343958621,-1.48280480985731,0.13812627778624,0.184177294997392
"YLL042C",33.7486053237053,-0.093770605200525,0.114052753031882,-0.822168713229682,0.410980882550347,0.48451370883699
"YLL043W",2436.15887705001,0.400629632880463,0.0310187703899168,12.9157161242824,3.67013504063654e-38,5.36026729183413e-37
"YLL044W",2.0102941506014,-0.266948301471385,0.381882343564965,-0.699032846031469,0.484531504114519,0.557904001965278
"YLL045C",9578.81789727233,-0.250267424085474,0.0625368893957571,-4.00191673272534,6.28314121116701e-05,0.000136518409322861
"YLL046C",6.21115701465733,0.41154104742041,0.375173920327979,1.09693404877567,0.272670223232042,0.338268433834665
"YLL047W",1.08902477401967,0.235676170307002,0.498923392878957,0.472369453248264,0.636663104003,0.701880127551056
"YLL048C",1689.24032120146,-0.3333434797584,0.0582531883586159,-5.72232162995585,1.050781409996e-08,3.2111618477843e-08
"YLL049W",213.864953474814,-0.0310235961840855,0.0492950319370686,-0.629345290285867,0.52912302682965,0.601228493815851
"YLL050C",4466.56954906384,0.393453256887523,0.0429569780665588,9.1592396531687,5.22642577164864e-20,3.46698002730675e-19
"YLL051C",727.47318278589,-0.176125836655844,0.0313938841088589,-5.61019579626159,2.02097830780558e-08,6.0392310075563e-08
"YLL052C",73.2997916464872,-2.56702812813999,0.0890499270388116,-28.8268414528984,9.88857304366678e-183,6.80234939673838e-181
"YLL053C",115.742317164669,-2.32236743997634,0.0740081536118534,-31.3798862238388,3.80676187776684e-216,3.19350182404367e-214
"YLL054C",186.178460956637,-0.682770938465712,0.0672905019248923,-10.146616817152,3.43050101644335e-24,2.88842307125016e-23
"YLL055W",339.174920574529,0.378651298962229,0.0380492003967922,9.95162303053686,2.48103357586803e-23,1.9730670483695e-22
"YLL056C",174.913527423533,0.909675649517225,0.0626262622853043,14.5254660955662,8.3571911322698e-48,1.61941176898265e-46
"YLL057C",149.52822844306,0.494319733894787,0.0543646224275904,9.09267298882069,9.66335461937489e-20,6.277074261254e-19
"YLL058W",547.351512703938,0.436042990114452,0.0578524435951026,7.53715768976376,4.80325378979869e-14,2.19983906924269e-13
"YLL059C",38.9651266000614,0.658981773812709,0.0941341517551195,7.00045373040577,2.5513488373708e-12,1.03057713753809e-11
"YLL060C",465.965038864728,1.31446685395761,0.0617944997890811,21.2715833681669,2.08135354106272e-100,8.22852356837383e-99
"YLL061W",754.095479638076,1.2770524708444,0.0551063811235674,23.1743120271463,8.26944902729385e-119,3.69386622459444e-117
"YLL062C",136.974261415997,0.725272442291276,0.0944494462868452,7.67894858894786,1.6039958644967e-14,7.52652629732115e-14
"YLL063C",170.4307639029,0.259253878101442,0.0500209795397235,5.18290286369861,2.18458827258865e-07,6.00151067377689e-07
"YLL064C",86.7079262973055,-0.173810621998455,0.0864847666163022,-2.0097252822521,0.0444602725896431,0.0656736558179418
"YLL065W",0.406821297293744,-0.0145350556549413,0.726152896117289,-0.0200165223228601,0.984030192298373,0.990075134243164
"YLL066C",1093.74522533688,0.466856265549274,0.0850618555991419,5.48843265011001,4.05515829499211e-08,1.19058616778706e-07
"YLL066W-A",0,NA,NA,NA,NA,NA
"YLL066W-B",2.43102538999923,0.146480568293112,0.336787844942817,0.434934248645412,0.66361015412519,0.725289839565806
"YLL067C",1012.43992364133,0.348278856602763,0.0868398545291895,4.01058774788361,6.05677850074222e-05,0.000131766537971555
"YLL067W-A",0,NA,NA,NA,NA,NA
"YLR001C",506.184526494779,0.495163244616853,0.0453584178780176,10.9166780452637,9.59409502544053e-28,9.62066759183752e-27
"YLR002C",441.480141824711,-1.01071440653307,0.123883092018777,-8.15861462660198,3.38889013647479e-16,1.77548935634502e-15
"YLR003C",182.770250166428,-1.21353881796241,0.155744784109977,-7.79184243567018,6.60390550413519e-15,3.15036518467032e-14
"YLR004C",145.982908115315,0.247578398073531,0.0651275832625797,3.80143689771738,0.000143859378778992,0.00029960904227087
"YLR005W",621.626691889269,0.221563049588527,0.0316043600232631,7.01052163136482,2.37431228525778e-12,9.61890118391536e-12
"YLR006C",964.9741931718,0.0553256511531032,0.0410672733760154,1.34719562817178,0.17791723561522,0.231447175453309
"YLR007W",452.841053594329,0.00064112225867207,0.0430089231077048,0.0149067266126739,0.988106593458569,0.992819322705135
"YLR008C",329.615109803166,-0.827623089181348,0.0567587009142064,-14.5814311436117,3.68705459191702e-48,7.16475947395401e-47
"YLR009W",686.001931247622,-1.08933386088861,0.127809844395383,-8.52308260010651,1.55361904555932e-17,8.81067222951569e-17
"YLR010C",71.44531785882,0.434326633197547,0.081650927829085,5.31931044441647,1.04161271856934e-07,2.94019445672486e-07
"YLR011W",298.237296013233,0.548268651644645,0.0836474752019187,6.55451524772464,5.58229114603675e-11,2.0601169953641e-10
"YLR012C",4.74798111738883,1.54071868969598,0.303696898140734,5.07321180798499,3.91156693557837e-07,1.0473985577985e-06
"YLR013W",0.964802821002644,0.173355602365499,0.54878052229505,0.315892411123686,0.752084172267231,0.802977963840802
"YLR014C",87.4338752098677,-0.622324242339331,0.0910164463667001,-6.83749220258525,8.05914736325208e-12,3.13745753886876e-11
"YLR015W",277.729239176544,-0.204655674412016,0.0597613861879739,-3.42454697701105,0.000615825366377813,0.00119398610352677
"YLR016C",416.189160807606,0.0198974348696952,0.0557093351703945,0.357165182618609,0.720968149390895,0.776626980842463
"YLR017W",615.229870437502,-0.375087538155622,0.0617775084697799,-6.07158733730911,1.26652048628178e-09,4.17060527770818e-09
"YLR018C",464.015584949042,-0.1130852297619,0.0581761850426879,-1.94384058835969,0.0519146775197096,0.0756933163751765
"YLR019W",1343.62890988048,0.0369071504462164,0.054223086904961,0.680653805470446,0.496090572598347,0.569147272999337
"YLR020C",640.964127574793,0.0199679665326704,0.0414667374026532,0.481541779831291,0.630131493265758,0.69610961011324
"YLR021W",323.477097264496,0.127394694619441,0.0522546237110914,2.43796023340995,0.0147703987705777,0.0236677319223862
"YLR022C",279.913996945622,-0.334786673874742,0.0559547539941282,-5.98316764845172,2.18839314642441e-09,7.07755357510742e-09
"YLR023C",746.082042464028,-0.0450619489671578,0.0337777492475782,-1.33407198439632,0.182180266315635,0.236500859027223
"YLR024C",381.361753029865,-0.425661592339184,0.05413225852658,-7.86336288056733,3.73955658988904e-15,1.81797948988316e-14
"YLR025W",1510.82973872497,0.220834157693425,0.0433964274717171,5.08876353560093,3.60405674119649e-07,9.67315892418676e-07
"YLR026C",589.101201891944,0.0655152338157777,0.036859931758889,1.77741061064168,0.0755007062659054,0.106624791296071
"YLR027C",4044.76353402692,0.413307626219645,0.0538978741870311,7.66834745254378,1.74226405643367e-14,8.14754211027001e-14
"YLR028C",3737.91964522658,0.0411625127634946,0.0381407531672824,1.0792265318663,0.280486754814886,0.347026688196332
"YLR029C",16872.2458857838,-0.237587776979764,0.0534220316578511,-4.44737441850636,8.69262468239181e-06,2.06123975147098e-05
"YLR030W",111.557175272718,0.374444066499223,0.0574941511284533,6.51273319372332,7.37955215391675e-11,2.69161926122976e-10
"YLR031W",34.0690373381018,0.109606052067671,0.12100582786144,0.905791514382085,0.365046213256533,0.43727296509339
"YLR032W",313.847135132381,-0.0385902382186442,0.0452391705764855,-0.853027094150633,0.393644279279159,0.466956198855206
"YLR033W",637.716753723668,-0.0261962442181318,0.0408189965918177,-0.641766001258907,0.521025127828889,0.593399313631611
"YLR034C",679.741191775106,-0.13894191071236,0.0490192361848091,-2.83443646874728,0.00459065847899893,0.00792649088278957
"YLR035C",235.846482003943,0.115643287990684,0.0429224687323873,2.6942366412262,0.00705500556348649,0.0118716690976574
"YLR035C-A",926.006934625162,-2.12177114239812,0.0514105411290508,-41.2711303129848,0,0
"YLR036C",201.251700954705,0.283498506341425,0.0735560648988317,3.85418261201638,0.00011611690651939,0.000243973182634968
"YLR037C",136.492363423432,0.876508557216455,0.0834844423858534,10.4990646420725,8.72402659094812e-26,7.9592279733597e-25
"YLR038C",425.157114377348,0.523788384678929,0.0641457694791917,8.16559515820978,3.19854283626912e-16,1.67832007404236e-15
"YLR039C",438.65260313978,-0.094571967457338,0.0511758473978323,-1.8479804881813,0.0646051655375635,0.0924524513694402
"YLR040C",125.173195516761,-0.27586466552003,0.0683482013227025,-4.03616569538602,5.43318513157518e-05,0.000118725795807197
"YLR041W",13.6870949599975,-0.0251143104357877,0.148989755725911,-0.168564008400612,0.866139592520203,0.900596563407522
"YLR042C",95.1937502654088,0.427538796585132,0.0727513908471967,5.87670959422773,4.18501436834638e-09,1.32544723019589e-08
"YLR043C",2532.33625444242,0.277538594647826,0.0409849458500233,6.77172041811219,1.2725988849345e-11,4.88788817948878e-11
"YLR044C",107499.98174175,-0.366676592623557,0.0812762336201876,-4.51148603092356,6.43750235630429e-06,1.54513533527625e-05
"YLR045C",724.749639467028,0.0877862168395348,0.0361582016497796,2.42783691760483,0.0151891715373706,0.0242991420943191
"YLR046C",241.388262310338,0.529954792373324,0.0492148533878247,10.7681879736013,4.86481249184161e-27,4.71338663822232e-26
"YLR047C",169.588869936784,-0.346514563031596,0.0590123383184473,-5.87190023146863,4.30828007782773e-09,1.36260499564951e-08
"YLR048W",10113.3753692533,-0.418607571263419,0.0431943819140417,-9.69125040604732,3.28482132064921e-22,2.46146904844727e-21
"YLR049C",276.831358501833,0.833248845847359,0.0462859280279663,18.0022067472408,1.87208895547666e-72,5.62362442127683e-71
"YLR050C",667.153558458538,0.969939558489559,0.0895487455513908,10.8314142483763,2.44351825675211e-27,2.40128029831397e-26
"YLR051C",322.479589931738,-0.323640156036798,0.084929866749583,-3.8106754245954,0.000138587627707936,0.000289330589075234
"YLR052W",486.175955146526,-0.339079860959387,0.0346688191424411,-9.78054255514835,1.3647696744687e-22,1.04082600783483e-21
"YLR053C",43.1480501185347,-0.499136241429415,0.109797532376877,-4.54596957348862,5.46829361332896e-06,1.32265793832946e-05
"YLR054C",103.728166612173,0.924163003734925,0.147473930264318,6.26661947693767,3.68970311272227e-10,1.27417006588436e-09
"YLR055C",1113.8292147118,0.516095807965991,0.0625761994981527,8.24747766890551,1.61772716573541e-16,8.64001954432755e-16
"YLR056W",3796.7492305047,-0.764022414345567,0.0594877376188454,-12.8433597397984,9.37172731384065e-38,1.36008675510358e-36
"YLR057W",379.632919666237,0.36532604205932,0.0532141451274172,6.86520550475019,6.63956016810505e-12,2.60248059238716e-11
"YLR058C",3363.29990206024,-2.00517607047155,0.148958954630232,-13.4612657255087,2.64348781985737e-41,4.35037146239206e-40
"YLR059C",739.621471104418,-0.0149450827343531,0.059404133488811,-0.251583212423561,0.801363235882749,0.846266149775473
"YLR060W",3408.93597503922,-0.475455669341532,0.0389989334406769,-12.1915044180572,3.44993040840303e-34,4.4862138524394e-33
"YLR061W",11.105216664714,-0.197113956138981,0.187035188735971,-1.05388701169616,0.291934650062575,0.35957358241369
"YLR062C",34.1654262603969,-0.540494382948621,0.304051701036917,-1.77763972740608,0.0754630446077964,0.106593487444976
"YLR063W",48.5509434068729,-0.836591781398311,0.136645423153647,-6.12235493945251,9.22023466362663e-10,3.08042711272888e-09
"YLR064W",458.754780038424,-0.00836399376966893,0.0672611475681965,-0.124351041753913,0.901037335404605,0.926354181773768
"YLR065C",951.551103616771,0.011037412988641,0.0283177853484739,0.389769639568083,0.696706895836543,0.756057222978321
"YLR066W",836.798154115315,0.146759276829724,0.0494440357556585,2.96818968328103,0.00299559407315102,0.00532060202148357
"YLR067C",270.710738003818,-0.39383181001469,0.0812611621395165,-4.84649492630346,1.25661800217016e-06,3.20990539804254e-06
"YLR068W",127.761438432567,-0.791519252204705,0.160473913523852,-4.93238579918509,8.12312733031218e-07,2.11342635798856e-06
"YLR069C",981.944068404606,-0.229293094236057,0.0563965924902445,-4.06572603257405,4.78831600119859e-05,0.000105168664662341
"YLR070C",265.561486157888,0.624644283901796,0.0782400625788516,7.98368844953657,1.42024216539425e-15,7.1208789036057e-15
"YLR071C",760.549235765135,-0.0366989878089073,0.0465465068510398,-0.788436991122729,0.430441140744279,0.503657868205459
"YLR072W",984.58507053492,0.389516588622212,0.0447360859793251,8.70698855510578,3.12054592307491e-18,1.85213420231513e-17
"YLR073C",46.8434602522928,-1.03516974915865,0.15675037396521,-6.60393798734028,4.0037705962158e-11,1.49197930289103e-10
"YLR074C",895.230395821129,-0.620249768246131,0.0710617585293078,-8.72832000055731,2.5848342730111e-18,1.54349609062876e-17
"YLR075W",9308.2983192914,-0.245671636808358,0.0624010835573217,-3.93697709724358,8.25144787452793e-05,0.000176772687414754
"YLR076C",269.940750500553,0.00485196283109205,0.229051379162939,0.0211828579632369,0.983099788578993,0.989283710596094
"YLR077W",719.628163044177,0.162014734983689,0.0552657999810814,2.93155504921941,0.0033726958573605,0.00594282141464725
"YLR078C",549.52577950828,0.385055807165195,0.0330237796299413,11.6599556889024,2.04148606602712e-31,2.37620687786812e-30
"YLR079W",1084.84700300943,0.423526339973871,0.0348424320439732,12.1554758129213,5.36485241789559e-34,6.9500602227314e-33
"YLR080W",260.904958688888,0.7747016013875,0.0913584291543424,8.47980431098161,2.25573013207117e-17,1.26361299499329e-16
"YLR081W",121.264759758816,-0.196601951334053,0.0561939414761649,-3.49863252460131,0.000467650622354969,0.000923354945803626
"YLR082C",219.506055049502,0.180603803014797,0.0780439959411254,2.31412808681708,0.0206606971713917,0.0323378693610929
"YLR083C",1354.53012615846,-0.566920030751703,0.0620957430860029,-9.129772872941,6.86431542205421e-20,4.51430456867217e-19
"YLR084C",462.622543089745,-0.0505124276390616,0.048525542063974,-1.04094514951462,0.297901005667222,0.366331966032324
"YLR085C",515.894183782203,0.195910454164534,0.0401626645295875,4.8779247208613,1.07207822878207e-06,2.75797536865813e-06
"YLR086W",578.839750201588,-0.0211879549270092,0.0540601830262772,-0.391932726470983,0.695107921343775,0.754560105874046
"YLR087C",456.883745237265,-0.0729226724210342,0.0508435880224721,-1.43425504094643,0.151499495171406,0.20022382848878
"YLR088W",561.866844859457,-0.0498847721224112,0.0293755373324162,-1.6981739451405,0.0894749365549178,0.124468774228772
"YLR089C",2006.31694544949,-0.750996676067744,0.0495900653061652,-15.1440953229472,8.28873586300556e-52,1.76526978333174e-50
"YLR090W",647.375434904491,-0.302857992835797,0.0416154196083424,-7.27754269177392,3.39955441051602e-13,1.46709754014678e-12
"YLR091W",297.635544964985,0.396772325568547,0.0426876015417857,9.29479078790964,1.47495984152976e-20,1.00857343438203e-19
"YLR092W",560.668482013818,0.722798220800547,0.050661836670477,14.2671144258328,3.50796061666334e-46,6.59324073279428e-45
"YLR093C",1274.80606394157,0.314890554945679,0.0422436574079618,7.45414990716051,9.04491108190279e-14,4.07465247756446e-13
"YLR094C",514.014280100867,0.202189167783729,0.0604202919180755,3.34637853219709,0.000818745423516981,0.0015605845853071
"YLR095C",1005.62311380767,0.376514842011513,0.0330823540054636,11.381138172614,5.19176837689146e-30,5.75107482522325e-29
"YLR096W",897.31112320238,-0.449691939943764,0.0566643659580744,-7.93606232665672,2.08701164614441e-15,1.02988185895462e-14
"YLR097C",293.49122664133,0.23412121301797,0.0517583953767532,4.52334759054611,6.08691547998369e-06,1.46713004859172e-05
"YLR098C",252.383587287545,0.0451603329409835,0.0567129768304897,0.796296288166356,0.425859842526977,0.499061304385532
"YLR099C",695.237902626651,-0.52915995481773,0.0447897225878912,-11.8143164155428,3.29215690815784e-32,3.95231193214971e-31
"YLR099W-A",843.071379132941,0.954177430096721,0.146018865206939,6.53461748757228,6.37723170283154e-11,2.33345621722224e-10
"YLR100W",1033.64843997191,0.0319665364536248,0.0385358498812387,0.829527220812322,0.40680614023418,0.4805803604106
"YLR101C",35.1625263805696,0.563509748162503,0.102165265871308,5.5156685920274,3.47456475097489e-08,1.02581677776636e-07
"YLR102C",244.277320488454,0.267132819759903,0.0571644135281738,4.67306149529979,2.96742869031089e-06,7.34014453816922e-06
"YLR103C",214.446467585372,0.582351426089967,0.05975225232636,9.74609999484587,1.9169143884833e-22,1.45545850754709e-21
"YLR104W",404.69057802251,0.413512615981788,0.0570297189403682,7.25082682617054,4.14235035535841e-13,1.76988994375842e-12
"YLR105C",521.949314995874,0.388201921310738,0.0342572747068983,11.3319557563219,9.114648584533e-30,1.00319468180804e-28
"YLR106C",2917.33467554664,-0.447193151239622,0.0681433509945601,-6.56253537157751,5.29004862300887e-11,1.95541345930564e-10
"YLR107W",368.880618585915,-0.0836172943252906,0.0533213486163112,-1.5681766589773,0.116839910049873,0.158466431631127
"YLR108C",457.771171902855,1.47054578893434,0.0735557001679045,19.9922750456803,6.42964128232948e-89,2.26817960928946e-87
"YLR109W",30017.2068960095,0.516456834215557,0.0953190665206017,5.41819022224618,6.02053424423852e-08,1.7386756954709e-07
"YLR110C",81647.0184428702,-0.00555848644717317,0.0800169929305619,-0.0694663251341723,0.944618436529053,0.957564135703412
"YLR111W",60.6997290921547,3.09721851168388,0.110052224395373,28.1431704692932,2.90498863590922e-174,1.92148238715573e-172
"YLR112W",131.427920934194,1.53454932083373,0.0633128542013194,24.2375634488731,8.94353628050351e-130,4.52371956423409e-128
"YLR113W",3352.80948867489,-0.116944643908351,0.0547829731959563,-2.13468961405298,0.0327863719189296,0.0496450478605144
"YLR114C",1412.06116807742,0.0187662032123286,0.0680924379699717,0.275598932448335,0.782856129705092,0.829285802626208
"YLR115W",444.229237049984,-0.0529991188540567,0.0413846931355688,-1.28064544735033,0.200318229153726,0.257375625391946
"YLR116W",522.666603781881,-0.161835889100456,0.0502137739673814,-3.22293817639725,0.00126882936079581,0.00236666951543232
"YLR117C",501.379897213074,0.147241556512521,0.0653055504697268,2.25465608135064,0.0241549243709037,0.0373817153537562
"YLR118C",487.13985953729,0.206018173710094,0.0443630367959722,4.64391503804355,3.41868194953561e-06,8.41700541548155e-06
"YLR119W",181.209917979039,0.315952216334686,0.0752663795200227,4.19778682526685,2.69536167881898e-05,6.07715273306974e-05
"YLR120C",2799.18204307521,-0.61865967107195,0.0692168812383391,-8.9379882480067,3.96319221933101e-19,2.48521415467439e-18
"YLR120W-A",34.4982657164963,-0.170225493860808,0.110525572104917,-1.54014578363114,0.123524821912627,0.166449999987651
"YLR121C",1555.80832966664,-0.262176960047297,0.0885072239475582,-2.96220973106828,0.00305439651969673,0.00541525609767881
"YLR122C",26.1511357303211,0.377543418464756,0.102705322941633,3.67598686856097,0.000236931710283668,0.000482205099124659
"YLR123C",14.0800370993067,-0.37173998763011,0.140796143806651,-2.64027108683179,0.00828397348315446,0.0138012723639185
"YLR124W",22.1222871178517,-0.949373321565364,0.115145472653478,-8.24499044284993,1.65173420052471e-16,8.8079686553562e-16
"YLR125W",49.1760156723102,0.137933096537532,0.0983519647597975,1.40244373230776,0.160782781882666,0.211355772323879
"YLR126C",363.889467820551,0.126867753505982,0.0492873940633438,2.57404060240906,0.010051847639451,0.0165173656905699
"YLR127C",372.798786914777,-0.00983351831418337,0.0508153571657533,-0.193514694428058,0.846555899067457,0.883748707402743
"YLR128W",205.235941736145,0.00920234471678221,0.0638962326732081,0.144020145347955,0.885484561788213,0.915426555536688
"YLR129W",550.355995980832,-1.03521502103758,0.129611434476565,-7.98706553336349,1.38188641028784e-15,6.94882793594303e-15
"YLR130C",1067.42949018527,-0.39861429132184,0.0353849306831992,-11.2650861150649,1.95161058298634e-29,2.12087349136856e-28
"YLR131C",562.41331220928,-0.00840222858273031,0.0605648444700634,-0.138731117965364,0.889662627285861,0.918641430966592
"YLR132C",223.536332043993,0.206225113025026,0.0693968061259438,2.97168017575277,0.00296175033516378,0.00526456861901593
"YLR133W",675.247261368525,0.0755223094752745,0.0496924803801281,1.51979351599192,0.128562879257956,0.172495425476005
"YLR134W",671.392923033332,-0.316149772203138,0.0682000824072493,-4.63562155710142,3.55866521515648e-06,8.74287786252193e-06
"YLR135W",246.613484217305,0.397832380163998,0.0397457589879019,10.0094296924885,1.38548909589517e-23,1.1279028983033e-22
"YLR136C",360.390748228202,-1.41083641677414,0.0885657752232785,-15.9298150241146,3.93519496632906e-57,9.11454753312376e-56
"YLR137W",473.893134871584,0.8991687033095,0.0604433551622329,14.876220899652,4.7032623047867e-50,9.54387651758929e-49
"YLR138W",2265.31582639669,0.180883677223137,0.0492350611996838,3.67387940251608,0.000238895518909946,0.000485770698959953
"YLR139C",291.162339874258,-0.0554834020245899,0.0545864832586396,-1.01643115131086,0.30942411767595,0.378472351616795
"YLR140W",10.9525616066012,0.536641529845994,0.17267429089248,3.10782529971498,0.00188469441666716,0.00343711900642985
"YLR141W",305.238937210137,0.684849647296258,0.0709307786399431,9.65518298865254,4.67324199801506e-22,3.46787828525842e-21
"YLR142W",172.374310103669,0.0336529152314291,0.0994777025164067,0.338296064144412,0.735140089421133,0.789297436417664
"YLR143W",362.708643852063,-0.15879097180583,0.0486533003291591,-3.26372457226018,0.00109958002588688,0.00206328723351769
"YLR144C",450.462863670177,0.0769031257850666,0.034400938298052,2.23549500652491,0.0253848690884405,0.0391442534094109
"YLR145W",202.3441608395,0.18265511497231,0.0496432371620156,3.67935544525827,0.000233824182176572,0.000476021470610428
"YLR146C",434.566821099032,-0.267709568116181,0.0508466590762931,-5.2650375261528,1.40160724874825e-07,3.9114224195291e-07
"YLR146W-A",168.641168602645,0.563333517868003,0.0612493761402573,9.19737560392459,3.66798471414975e-20,2.45926577472087e-19
"YLR147C",298.232194793155,0.0827740049807254,0.0486206101176221,1.7024468590682,0.0886716322145377,0.1234761453449
"YLR148W",336.366224493392,0.0110342256972146,0.0727584333653448,0.151655625153555,0.879458558232883,0.910565235111981
"YLR149C",698.854040115069,0.574072923875972,0.103217603033939,5.5617734475699,2.67046829436437e-08,7.92500060264559e-08
"YLR149C-A",37.6743690313682,-0.570205574527688,0.12959017007797,-4.40006810844229,1.0821690738716e-05,2.53982977112341e-05
"YLR150W",17431.3854613291,-0.380888707983812,0.0580518871489199,-6.56117702094201,5.3384699680249e-11,1.97225214339652e-10
"YLR151C",377.556521442422,1.17739778232404,0.0684389013430185,17.2036335946258,2.49390320875461e-66,6.88978320201726e-65
"YLR152C",484.217128319655,-0.455076944329367,0.0393874020678755,-11.553870538228,7.05691584906641e-31,8.06387443948968e-30
"YLR153C",4368.52929784525,0.205609913086666,0.0495218877573143,4.15189974369056,3.2972671217457e-05,7.35708742474495e-05
"YLR154C",319.454295619554,0.817377991910781,0.076779105558689,10.6458389422886,1.82334319759215e-26,1.73242788069564e-25
"YLR154C-G",0,NA,NA,NA,NA,NA
"YLR154C-H",2.94080835496057,1.46324154930483,0.338464190643754,4.32317979199443,1.53796297531831e-05,3.56938168259603e-05
"YLR154W-A",0,NA,NA,NA,NA,NA
"YLR154W-B",0,NA,NA,NA,NA,NA
"YLR154W-C",0,NA,NA,NA,NA,NA
"YLR154W-E",40.0650039259545,-0.454889863668834,0.215694198266103,-2.1089573448222,0.0349482636539493,0.0526520161356805
"YLR154W-F",35.5988463720207,0.160164034727795,0.175009679811585,0.915172434463211,0.360101113415054,0.432234437128277
"YLR155C",1143.70905219208,0.879839941794282,0.053459482534329,16.4580706749133,7.34030070513206e-61,1.85639443200748e-59
"YLR156C-A",3.16535929176075,1.71490540227693,0.345066053821572,4.96978877894399,6.70258764622341e-07,1.75713035130986e-06
"YLR156W",30.0977692593304,1.25178622794076,0.110389244283352,11.3397481436472,8.33840873383632e-30,9.20704874479294e-29
"YLR157C",1299.04437975137,0.862783224571447,0.0532714504164673,16.1959777296535,5.38351917495138e-59,1.31323504980463e-57
"YLR157C-A",0,NA,NA,NA,NA,NA
"YLR157C-B",1956.45195166075,-2.47013950888158,0.0477146618516986,-51.7689828036295,0,0
"YLR157C-C",3.99656468431131,1.42598680910488,0.282031573369683,5.05612471705683,4.27861584956209e-07,1.14079838872626e-06
"YLR157W-D",18.83738556675,0.968213916556818,0.127910909687866,7.5694396898552,3.74837431861995e-14,1.7259080948987e-13
"YLR157W-E",70.4371739567926,-1.64046357611931,0.111203548140417,-14.751899589102,2.99125201636922e-49,5.98163448273368e-48
"YLR158C",1606.32023994949,0.836343689610174,0.0554006177383052,15.0962881598323,1.71309313273579e-51,3.61483670554892e-50
"YLR159C-A",9.97588345887516,1.47536855507186,0.189626085456903,7.78040928027896,7.22902906415876e-15,3.44380131110444e-14
"YLR159W",36.2530489010001,1.100177011433,0.093576036294977,11.7570379660552,6.49739086189633e-32,7.66647542692708e-31
"YLR160C",4057.71189224013,0.883321510318133,0.0565306967665302,15.6255195998418,4.87927828484587e-55,1.096880892858e-53
"YLR161W",74.8882810352401,1.11350387382087,0.0673210337152985,16.5402076048014,1.88372053769831e-61,4.81714259435935e-60
"YLR162W",860.925006838878,-1.0874467991239,0.358550936033763,-3.03289348830901,0.00242221077404651,0.00436302380588268
"YLR162W-A",477.143793155923,-0.949452456784729,0.355616470953608,-2.66987761910665,0.0075878897497055,0.0127216898825796
"YLR163C",557.734733888207,0.0366579420442118,0.0307067060317597,1.19380900075367,0.232552690022765,0.29342075470774
"YLR163W-A",0,NA,NA,NA,NA,NA
"YLR164W",166.15872007807,0.66666104941385,0.0687963601667616,9.69035349832274,3.31379709970032e-22,2.48047989650038e-21
"YLR165C",192.350360306593,0.0777620089754971,0.0512408010511505,1.51757988517533,0.129120340854969,0.173209599208528
"YLR166C",478.678832631097,-0.0932025670874496,0.054977059781003,-1.69529922950982,0.0900186709091777,0.125149239527937
"YLR167W",42012.4917727223,-0.286723554986792,0.0883710874142625,-3.24454030584348,0.00117640367246351,0.00220143657858446
"YLR168C",227.857495705492,-0.139542218687833,0.0575167185626344,-2.42611578294188,0.0152614005056856,0.0244033412549074
"YLR169W",131.484080197627,0.638387325794357,0.0799743535480916,7.98240057558541,1.43514396957438e-15,7.18594372245274e-15
"YLR170C",0,NA,NA,NA,NA,NA
"YLR171W",1.86515635054841,-0.276368581310178,0.377624350201904,-0.7318611237925,0.464253336816571,0.537642879454746
"YLR172C",1204.1580199233,-0.26846002354634,0.04338987319633,-6.18715851810894,6.1258357604464e-10,2.07482147691338e-09
"YLR173W",508.511135864233,0.0309937814501171,0.0723449998620199,0.42841635924017,0.668348016393596,0.729425036454314
"YLR174W",138.758197725021,0.626613134515497,0.0526095088568198,11.9106440666623,1.04169500265625e-32,1.28419711886601e-31
"YLR175W",4340.65200227428,-0.740369265311919,0.0870180994119487,-8.50822151156127,1.76621523908661e-17,9.98339739496859e-17
"YLR176C",338.158260272141,-0.215072529862373,0.0550785830035176,-3.90483048281465,9.42914565503684e-05,0.00020038026864689
"YLR177W",2058.31731561518,-0.517648592805892,0.0601367341983972,-8.60786006599754,7.44370442198192e-18,4.29214104935571e-17
"YLR178C",1344.54010263208,0.00632465495980883,0.162672590069228,0.0388796597946666,0.968986333438188,0.977225771546884
"YLR179C",3069.70156061544,0.0175331716628845,0.0596828815713607,0.293772204043479,0.768931976314943,0.817666264503091
"YLR180W",4368.95483280748,-0.854979155834684,0.0757543496483642,-11.286205476033,1.53522338543817e-29,1.67631772514749e-28
"YLR181C",704.618332423549,0.429181541868746,0.0391336014842144,10.9670852053284,5.50174733816502e-28,5.58208258690814e-27
"YLR182W",693.594834067502,0.0234903722006032,0.053662871529011,0.437739754345869,0.66157494780317,0.723525288702386
"YLR183C",269.747540288281,0.168120940973193,0.0526330295531437,3.19420984124505,0.00140214157692856,0.00260122219732781
"YLR184W",1.5946411739702,-0.173979950671392,0.456279799439352,-0.381301015046398,0.702979900548915,0.761402023486732
"YLR185W",5689.82658509956,-0.0336123411505566,0.0952125261233258,-0.353024360544952,0.72407017776344,0.779030365317699
"YLR186W",690.754634740054,-0.5736944187566,0.0876622579760183,-6.54437191104005,5.97459460577518e-11,2.19462379919458e-10
"YLR187W",332.673328308401,0.1658176419706,0.0815123632291477,2.03426370432241,0.0419250146046748,0.0623168054160669
"YLR188W",848.373246685661,0.208647400517102,0.0365569972746506,5.70745455239515,1.14678227550979e-08,3.49677095444673e-08
"YLR189C",857.224211779695,0.362704443530298,0.0457912760684926,7.92081974277763,2.35949792867684e-15,1.1585286403546e-14
"YLR190W",542.524254496097,-0.441705304511481,0.0451292897645165,-9.78755275822617,1.27340608377856e-22,9.74389371558697e-22
"YLR191W",356.517237315322,0.452418737689187,0.0365868873351606,12.3655979133925,4.01214703058145e-35,5.33840607802124e-34
"YLR192C",3440.63418915421,0.348282123645924,0.0472978239917926,7.3635971859162,1.79019354736853e-13,7.89406500791545e-13
"YLR193C",315.35070085406,0.4343944672505,0.0459241502454313,9.45895492739608,3.11036213631249e-21,2.20125320326066e-20
"YLR194C",3675.4272479007,-0.906656622894105,0.184924347965235,-4.90285153291201,9.44553742836604e-07,2.44270120186955e-06
"YLR195C",664.531492416851,-0.111331226141517,0.0453183841404528,-2.45664597829601,0.0140240812124155,0.0225559164508314
"YLR196W",1461.81042174568,-0.745473232493902,0.095236952606325,-7.82756285341696,4.97417984119283e-15,2.39449846938877e-14
"YLR197W",2070.34282322175,-0.779605556162575,0.091033193815711,-8.5639701682973,1.09046064164392e-17,6.24066452068931e-17
"YLR198C",23.3380487800725,-0.131144519812897,0.189288884440839,-0.692827369131043,0.488417894229496,0.561656083986075
"YLR199C",306.272868625731,0.0516734159394833,0.0431821969278341,1.19663703136363,0.231448060137969,0.292187778617928
"YLR200W",476.179061840759,-0.10696610212585,0.038089421968668,-2.80828893160518,0.00498055190925652,0.00856744600744576
"YLR201C",412.549602832146,0.214920648491903,0.0462922711332921,4.64268965921047,3.43902709210379e-06,8.46103983068026e-06
"YLR202C",28.2734392822834,-0.0317419381455228,0.122758479667345,-0.258572265081306,0.795965284883746,0.841340687571495
"YLR203C",1016.98416626334,-0.182401678611608,0.0334294237227366,-5.45632135703105,4.86099847411604e-08,1.41810044543869e-07
"YLR204W",818.415156392373,0.147706585194545,0.073553998786156,2.00813807042596,0.0446286217087987,0.0659081770577129
"YLR205C",248.666714137569,-0.0854481746622123,0.066136039317909,-1.29200622751949,0.196354987952774,0.252944936727928
"YLR206W",2536.36776994197,-0.0324045909297931,0.0707190526907746,-0.458215851271157,0.646797372788547,0.71041340051292
"YLR207W",892.891264319381,0.364876824619054,0.0317321627233682,11.4986434363124,1.34004963226201e-30,1.51590306795232e-29
"YLR208W",2004.11474744416,0.053788400848126,0.0294084475727023,1.82901190942339,0.0673978241570988,0.0960492298273633
"YLR209C",646.635890925879,0.207107603652599,0.0504300403168926,4.1068300233586,4.01126187960662e-05,8.87249854334853e-05
"YLR210W",163.651057737584,0.179616751941995,0.0527278461226088,3.40648756113286,0.000658045489386828,0.00127047289404771
"YLR211C",136.869397956945,0.621668564839654,0.0805664740674416,7.71621908536373,1.19831264414985e-14,5.66153343345251e-14
"YLR212C",385.221160808456,0.437379041732254,0.0439184553712016,9.95888944716972,2.30624423245242e-23,1.84258467770502e-22
"YLR213C",278.831226385628,1.09654180454327,0.0551313157775032,19.8896360277098,5.00368848740513e-88,1.73840268206363e-86
"YLR214W",1530.31965882075,-1.26112439641984,0.0682290175238874,-18.4836956794566,2.79373055246492e-76,8.93863835832845e-75
"YLR215C",195.308054567308,-0.201776274610216,0.0681624814819782,-2.96022489532697,0.00307414541141679,0.00544605879091839
"YLR216C",1617.58105595452,-0.181351763524278,0.067543977997421,-2.68494348276618,0.00725420718548305,0.0121949392055078
"YLR217W",1.26447459118323,-0.384233034788664,0.452139877072072,-0.849810101415622,0.395430672638781,0.468832746825607
"YLR218C",672.320765881472,0.227796790010654,0.0984373065423785,2.3141306686666,0.0206605555903128,0.0323378693610929
"YLR219W",1363.10322862637,0.194193094725189,0.0454949593098999,4.26845298184345,1.96833304685125e-05,4.50437891859273e-05
"YLR220W",1249.00157524027,0.271282275053308,0.0458368162503144,5.91843625377118,3.25016928392934e-09,1.03700902152829e-08
"YLR221C",668.657748594736,-0.529952684023616,0.0774654723292155,-6.84114700509931,7.85615852796778e-12,3.0618988393139e-11
"YLR222C",489.369327936902,-1.04337159853791,0.105687522822686,-9.87223061598666,5.49292850132846e-23,4.29384717734528e-22
"YLR222C-A",19.7328280795785,-0.286993907662355,0.199489637927789,-1.4386406764959,0.150252355300125,0.198690109978769
"YLR223C",410.20223396135,-0.56126427184914,0.108604638754436,-5.16795855394541,2.36664773049938e-07,6.48870854448196e-07
"YLR224W",1165.64315532587,0.403925930232794,0.0350333881025624,11.5297421148727,9.34231380543114e-31,1.06576744058973e-29
"YLR225C",1111.51384609983,-0.155093527105961,0.0491523822765524,-3.15536134613655,0.00160299437851311,0.00294131723920824
"YLR226W",124.579563142563,-0.0792011148631814,0.10454391459043,-0.757587040560572,0.448698240779336,0.522443330792324
"YLR227C",235.41480234852,0.0603141180517079,0.065870624970508,0.915645146508207,0.359853044041842,0.432012057585311
"YLR227W-A",0,NA,NA,NA,NA,NA
"YLR227W-B",1463.47247628848,-2.37697756078586,0.0477744344281999,-49.7541747848048,0,0
"YLR228C",1081.42875972648,-0.00278142664029656,0.0324534852746221,-0.0857050211020502,0.931700910555955,0.949252782478165
"YLR229C",1238.67624299897,0.195372455836867,0.0652578350254173,2.99385438945027,0.00275477379780386,0.00492210102729682
"YLR230W",98.0633699597049,-0.16444151607748,0.0810037588438029,-2.03004796844758,0.0423516636354263,0.0628152423777701
"YLR231C",482.912587412142,0.69897495674039,0.0459137341706243,15.2236573514771,2.46364522597264e-52,5.32937594637289e-51
"YLR232W",2.58710786837294,1.13166976914714,0.333958539347879,3.38865348781603,0.000702367072837222,0.00135111384061724
"YLR233C",161.299378730952,0.485234080475408,0.0660437911527713,7.34715666689959,2.02467509745023e-13,8.88815570858975e-13
"YLR234W",99.7359707289647,-0.136611420980058,0.0698001130672578,-1.95718051127542,0.0503262492762919,0.0735331921774877
"YLR235C",0,NA,NA,NA,NA,NA
"YLR236C",9.06378560605727,0.0628715468533061,0.175297033280966,0.358657221269317,0.719851534422667,0.776031767010426
"YLR237W",420.257563323968,0.0904612770974562,0.036991253329718,2.44547748331581,0.0144660481223167,0.023201665897276
"YLR238W",375.586065536822,0.339769792028981,0.0521960454799774,6.50949298753521,7.54048753185075e-11,2.74886135302604e-10
"YLR239C",378.361089753294,-0.151592165921078,0.0327226526747235,-4.63263682892602,3.61037560864599e-06,8.86042590505735e-06
"YLR240W",463.69889350046,0.185105841560269,0.0382120543082052,4.84417404171126,1.27139452346121e-06,3.24403669395016e-06
"YLR241W",1096.842312205,0.0970843261759322,0.0330124435329258,2.94084035551936,0.00327323183308701,0.00577643965618407
"YLR242C",157.480981181229,-0.110624059134393,0.0603885027126425,-1.83187285932217,0.066970364989751,0.0955390171639355
"YLR243W",295.212931227812,-0.390774633755561,0.0685721453124341,-5.69873717637215,1.20698130724548e-08,3.67056782163644e-08
"YLR244C",2030.54058324816,-0.703232029111549,0.049614736906286,-14.1738538378192,1.32996863853564e-45,2.46599845403953e-44
"YLR245C",131.534655793815,-0.072969675600609,0.074667454976908,-0.977262123413419,0.328439399511922,0.398682659121672
"YLR246W",296.007754343686,0.419151252983546,0.040876601559798,10.2540631312115,1.13470996520573e-24,9.84321544848706e-24
"YLR247C",706.259240800665,0.136487403590753,0.0502937721478682,2.71380327547251,0.00665156530362504,0.0112395278122419
"YLR248W",2076.20621282203,0.213675920330679,0.0318047498194763,6.71836507262291,1.83774799647718e-11,6.99605338559298e-11
"YLR249W",29765.0197104945,-0.723451048963675,0.0637254072883517,-11.3526312305879,7.19639342459791e-30,7.95884089514615e-29
"YLR250W",1271.02977601228,0.655725936417656,0.0389537927010041,16.8334298395739,1.38822260067012e-63,3.65884416475469e-62
"YLR251W",242.636195382552,-0.0594550468601449,0.0714734036144511,-0.831848545801221,0.4054944382263,0.479277704563353
"YLR252W",90.9024523455936,0.372048560505488,0.0688019433920736,5.40752981911192,6.38999067584077e-08,1.84073475121895e-07
"YLR253W",746.216495393295,0.0208629625923996,0.0342671569659609,0.608832609402751,0.54263539660387,0.614450846623542
"YLR254C",353.675343023366,0.305899900541155,0.0400652578674537,7.63504135061731,2.25747959181585e-14,1.04856192519252e-13
"YLR255C",18.41980340238,0.907030639640083,0.132617296424979,6.83945958854009,7.9492478324565e-12,3.09642558547385e-11
"YLR256W",2277.36069595232,-0.479943016467261,0.0479969823639065,-9.99944148214151,1.53258979332625e-23,1.24177681840886e-22
"YLR256W-A",668.154942226928,-0.622404596785442,0.0511758539282493,-12.1620754517957,4.9485255196596e-34,6.42281265089403e-33
"YLR257W",4530.16882418344,-0.30288380284061,0.0584517393240263,-5.18177570664884,2.19783411881801e-07,6.03548938257448e-07
"YLR258W",3322.21204823711,-2.06521803602427,0.115696280941651,-17.8503407301901,2.87278350390401e-71,8.51805074282573e-70
"YLR259C",5430.30462371495,-0.255572947719879,0.0623392909032649,-4.09970893182704,4.1367007297101e-05,9.14407593819917e-05
"YLR260W",513.179906698815,0.488274306321218,0.0316562036586811,15.4242849706749,1.12393050204621e-53,2.47805061653073e-52
"YLR261C",1.90089646562504,0.609821732972993,0.392023935258636,1.55557270392346,0.119809733696404,0.161983325097791
"YLR262C",284.994404909382,0.13635550588171,0.0490512862019264,2.77985587004557,0.00543830297464262,0.00929443134473704
"YLR262C-A",1365.70922188796,0.114654521036001,0.0575838445962557,1.99108833110903,0.0464711770902029,0.0683358758451273
"YLR263W",133.798746014477,0.40325899674145,0.0903823847965566,4.46169900970364,8.13123832855462e-06,1.93345276398642e-05
"YLR264C-A",439.829917671164,-0.786565585719287,0.175505602891419,-4.48171210924768,7.40465881305971e-06,1.76801971451016e-05
"YLR264W",1297.98071262757,-1.0399924795104,0.118586437770164,-8.76991078462139,1.78807906398498e-18,1.07801892034642e-17
"YLR265C",174.350587371844,-0.114582415905893,0.0910237883277629,-1.25881835958419,0.208095947341418,0.266324097071929
"YLR266C",445.720818244943,-0.0148593386466089,0.0481638765963337,-0.308516251113806,0.757689536334782,0.807959435815682
"YLR267W",259.024467973622,-0.33009738419866,0.110998611447287,-2.97388750989397,0.00294052853111907,0.00523090141338714
"YLR268W",832.365022521039,0.000127834470378882,0.0336824429074619,0.00379528500144988,0.996971807963273,0.997939522276479
"YLR269C",65.805126395468,0.0658870840774653,0.09068374886952,0.726558891739982,0.467496218539032,0.541125103033821
"YLR270W",842.290951069435,0.168157475152657,0.0617188965133779,2.72457034477614,0.00643852130839126,0.0108955936237204
"YLR271W",222.659451311672,0.207999421061531,0.0820679808226935,2.53447713683745,0.0112615275622365,0.0183617084855712
"YLR272C",307.744439859275,-0.208607795385886,0.046714580820723,-4.4655820885231,7.98513472727409e-06,1.89936866490036e-05
"YLR273C",149.12265409126,1.17516670073445,0.0590777091343187,19.8918799993176,4.78472613946529e-88,1.67076807682141e-86
"YLR274W",590.537854649798,0.112082087117364,0.0358195759611435,3.12907353339272,0.0017535841846099,0.00320821957604561
"YLR275W",139.530392743138,0.0434796257558379,0.081243690001291,0.535175417994271,0.592528562856243,0.660723615478699
"YLR276C",1036.93641239785,-0.997713404663264,0.0901567960874473,-11.0664248061293,1.8253857181876e-28,1.88824486547556e-27
"YLR277C",405.974700600025,-0.182925930590315,0.0519525112099681,-3.52102191655401,0.000429887084159845,0.000852217075485757
"YLR278C",1043.99853127105,-0.0701057414794784,0.0495538712007221,-1.41473793632609,0.157145347078197,0.207128346915293
"YLR279W",44.2140566106924,1.02696308061855,0.101029645843501,10.1649676393933,2.84216390660283e-24,2.40482724643553e-23
"YLR280C",0,NA,NA,NA,NA,NA
"YLR281C",36.3844001288167,0.888217434958383,0.134174987167396,6.61984363635711,3.59579017284084e-11,1.34285779581825e-10
"YLR282C",3.03014601166609,-0.111819221266385,0.295604890261021,-0.378272569062195,0.705228120854816,0.763377536327345
"YLR283W",163.545155657575,0.577044935456195,0.0541676921688734,10.6529355848722,1.68951535880871e-26,1.60749324387899e-25
"YLR284C",306.885996893426,0.0403215404430865,0.0621333908573055,0.64895123035677,0.516369899660773,0.588779801055272
"YLR285C-A",153.149863004914,-0.0973503574349558,0.162871755773484,-0.597711720934275,0.550032303315749,0.621496750083613
"YLR285W",691.664596974144,-0.127128982494419,0.0280494761316846,-4.53231218642312,5.83415412497265e-06,1.40818056932235e-05
"YLR286C",8037.15379139451,-0.53269259355301,0.0446476430379219,-11.931035040317,8.15531205350601e-33,1.014473627777e-31
"YLR286W-A",0,NA,NA,NA,NA,NA
"YLR287C",206.898369713675,-0.452717656629696,0.0868439978962639,-5.21299879780376,1.8581210103109e-07,5.1333391284854e-07
"YLR287C-A",5619.17332683249,-0.213396114172562,0.055342433206128,-3.85592215249641,0.000115294176991923,0.000242392617214988
"YLR288C",344.353706954296,0.271163182010354,0.0563005424539248,4.81635114319313,1.46207142507001e-06,3.71402855725872e-06
"YLR289W",219.294921486869,0.160134369307529,0.047431186692525,3.37614089956484,0.000735102629414691,0.0014105358403748
"YLR290C",290.518875961309,0.303325281599647,0.0907457495940683,3.34258390014418,0.000830022591904337,0.00158120338125448
"YLR291C",573.981531826216,-0.297458115445597,0.0561375589686319,-5.29873619214202,1.16606966416162e-07,3.27403804888482e-07
"YLR292C",579.27854193169,-0.173071593616266,0.0415957505084369,-4.16079987740965,3.1713489512277e-05,7.09223323650694e-05
"YLR293C",6794.08602169573,-0.0964630864183153,0.0454276315690092,-2.12344520474897,0.0337165625788335,0.0508409105611126
"YLR294C",253.815295949198,0.391157576596488,0.0820626824155086,4.76657068819585,1.87388004811165e-06,4.73216624484582e-06
"YLR295C",634.896004204303,0.206364402617826,0.0729381836429021,2.82930547911866,0.00466491484939346,0.00804864540982634
"YLR296W",3.44882915907578,1.29004136643734,0.305082989875068,4.22849326003267,2.35261562837036e-05,5.34466410421391e-05
"YLR297W",106.16709735366,-0.111488483032871,0.0907630325921333,-1.22834682633262,0.219316799726474,0.278817273206138
"YLR298C",364.097422260824,0.326675732564806,0.0534723214742237,6.10924911353025,1.00100978388246e-09,3.32976126853358e-09
"YLR299C-A",0,NA,NA,NA,NA,NA
"YLR299W",967.663848542604,0.471478385054765,0.053405576379917,8.82826133549722,1.0631541521715e-18,6.47206850689179e-18
"YLR300W",4764.9935827515,-1.2782081362956,0.0568561986454382,-22.481420966369,6.30874403847088e-112,2.71236564004007e-110
"YLR301W",1470.55523088474,0.137230915138722,0.0550529160824505,2.49270928597492,0.0126772594956358,0.0205144361492539
"YLR302C",0,NA,NA,NA,NA,NA
"YLR303W",0,NA,NA,NA,NA,NA
"YLR304C",3916.74221684741,-0.626935000931174,0.0590526748549711,-10.6165385813747,2.49647250955524e-26,2.35572488247332e-25
"YLR305C",1201.53908194094,3.98073494132243e-05,0.02915946472345,0.00136516049902697,0.998910759853138,0.999201267562852
"YLR306W",163.45123041226,0.152358848671427,0.060837568571539,2.50435466519784,0.0122674993401856,0.0198934766527903
"YLR307C-A",2.12446979211806,0.876964044708249,0.385422443594725,2.27533206558771,0.0228860172674018,0.0355379035626313
"YLR307W",32.6089690047212,1.89339878026068,0.131408765570862,14.4084663761617,4.5776244862517e-47,8.72284732435608e-46
"YLR308W",2.25425138564662,-0.210020050567673,0.352338120759379,-0.596075298679081,0.551124924921691,0.622629062003008
"YLR309C",817.78399291848,0.19736680502801,0.0898389263514686,2.19689630145256,0.0280278530648034,0.0429311069322606
"YLR310C",1222.55230373563,0.0210462037748465,0.0536714845665745,0.392130084435072,0.694962099811692,0.754520878251994
"YLR311C",14.9485139722747,1.32666734984386,0.213572651578662,6.21178479565411,5.2386140337171e-10,1.79018509378738e-09
"YLR312C",205.730516622045,1.47310275976136,0.0585088613352184,25.1774299848602,7.0788540178285e-140,3.80433099911268e-138
"YLR312W-A",317.644973073892,-0.129592472173411,0.0406909707378313,-3.18479676998529,0.00144855698182642,0.00267938248937455
"YLR313C",112.038516823505,0.550284652103861,0.0719218506869478,7.65114699980496,1.99194470517502e-14,9.27103357706289e-14
"YLR314C",2349.0124581648,0.217476758615731,0.0293219020941388,7.4168707718045,1.19919849760338e-13,5.3255561426815e-13
"YLR315W",99.2295176568116,0.168536886754761,0.0894549320349309,1.88404242137202,0.059559237570979,0.0858386748901664
"YLR316C",311.618347269881,0.277710486459951,0.0710598976067383,3.90811830319351,9.30177590295484e-05,0.000197795723141967
"YLR317W",0.344075671301473,-0.571037704125391,0.847739354758307,-0.673600560030855,0.500565297033263,0.573706877422829
"YLR318W",98.1024810991333,-0.195142516747818,0.0881203593277981,-2.21449978457202,0.0267944175099725,0.0411517745146463
"YLR319C",432.728049481914,-0.00215309288064664,0.0742377140817124,-0.0290026828988398,0.976862450851851,0.984300864484596
"YLR320W",321.319494011283,-0.0202794860984049,0.0554379655155025,-0.365805020256994,0.714510573521169,0.770998938863078
"YLR321C",312.656477343898,-0.101002481823635,0.0437299323416774,-2.30968758502682,0.0209054566384137,0.0326837809581017
"YLR322W",0.368624237330183,-0.300740209786291,0.757044805703747,-0.397255496002939,0.69117906195864,0.750887676439274
"YLR323C",173.972693891575,0.242419346632964,0.0499878381399772,4.84956652764488,1.23731566622439e-06,3.1641243375307e-06
"YLR324W",946.951152961528,0.523766245620953,0.0484779992737614,10.8042050717312,3.2879246754041e-27,3.22188516269299e-26
"YLR325C",7240.87344860844,-0.301054107410916,0.0586979808140031,-5.12886649993752,2.91491955118987e-07,7.9255856097372e-07
"YLR326W",233.938438163473,0.712574410673641,0.041556446995892,17.1471447196649,6.60174800723863e-66,1.80212002149978e-64
"YLR327C",2302.82460028564,-2.03332759675244,0.186406403034283,-10.9080351514453,1.05512190095402e-27,1.0549685402126e-26
"YLR328W",877.746228813632,-0.27694397222542,0.0381038280502854,-7.26814040468424,3.64469867517855e-13,1.56699263665958e-12
"YLR329W",59.6008058211649,-0.00131568521158134,0.0809353427240971,-0.0162560034627446,0.987030157049267,0.992222775148606
"YLR330W",3719.23113885519,0.188703539845707,0.0378693138672549,4.98301977445851,6.2599550409822e-07,1.64485220500063e-06
"YLR331C",5.78266840972952,-0.0276906044455801,0.234879436074246,-0.117892842849073,0.906152564279212,0.93049697949755
"YLR332W",1639.73655781437,0.590991365351095,0.0631189479392189,9.36313713467146,7.74036157339908e-21,5.38926591734942e-20
"YLR333C",3390.49684960279,-0.311808642809023,0.0443343689958676,-7.03311335812825,2.01975139113678e-12,8.22122474534313e-12
"YLR334C",1.2780075619063,-0.760933555391739,0.489334818290954,-1.55503660673354,0.119937351239689,0.162088307476446
"YLR335W",1250.95047500193,-0.162573004052402,0.0298802483200222,-5.44081837310115,5.30363651808836e-08,1.54199981436728e-07
"YLR336C",202.544211110677,-0.601526504592953,0.119489783511834,-5.03412498469694,4.8003641424812e-07,1.27496930255321e-06
"YLR337C",1484.99393520139,-0.12280394885305,0.0819292413728578,-1.49890255048467,0.133898914639812,0.178991572834681
"YLR338W",2.90929297903372,-0.415305023926396,0.319649638521982,-1.29925072290622,0.193857899380851,0.250286629355902
"YLR339C",8.85005531142165,-0.321759214734299,0.198722124399233,-1.6191413799899,0.105416847232048,0.144627541306194
"YLR340W",19297.2389336314,-0.118919375673066,0.0656570058417252,-1.81122142486571,0.0701065830178696,0.0995177846842602
"YLR341W",67.2279400970997,0.830766246554105,0.0956068021142412,8.68940523250027,3.64341869156937e-18,2.15318532468262e-17
"YLR342W",9209.58700836668,-0.102181183604464,0.0348874228009773,-2.92888311605527,0.00340182317513024,0.00598647777480709
"YLR342W-A",79.7304769685969,0.149660715467876,0.292839972768934,0.511066553014489,0.609304455401069,0.6769065485633
"YLR343W",278.220062950197,-0.320120046139067,0.0783723751267201,-4.08460309670934,4.41522201675313e-05,9.74721189128524e-05
"YLR344W",6103.67915997717,-0.334314189556384,0.0674793093247875,-4.95432144907237,7.25831306803051e-07,1.89703402716496e-06
"YLR345W",1037.45933374989,0.217576933660414,0.0561807000463487,3.87280566957896,0.000107589611961499,0.000227096944057426
"YLR346C",65.8800270158255,-2.07778163858007,0.100085124985439,-20.7601443159746,9.92681407789552e-96,3.77273779236703e-94
"YLR347C",679.142297414644,-0.566504371023455,0.0473503277759441,-11.9641066415439,5.47840297656118e-33,6.85198801377533e-32
"YLR347W-A",0,NA,NA,NA,NA,NA
"YLR348C",1427.57025689114,1.04628010004744,0.0801151241897729,13.0597076473233,5.59422041589265e-39,8.51351876362081e-38
"YLR349W",38.713692408253,0.660282858764121,0.139879944363575,4.72035402765043,2.35434513492527e-06,5.8871465587608e-06
"YLR350W",4409.10235169406,0.810624953876599,0.0992141565698154,8.1704565346597,3.0722462058307e-16,1.61574783256188e-15
"YLR351C",1692.81788747274,0.186801271191263,0.0635194292133885,2.94085248410717,0.00327310367809717,0.00577643965618407
"YLR352W",427.083640924894,0.185505323768945,0.0466511145039758,3.97643927141624,6.99548528257358e-05,0.000151231751284801
"YLR353W",449.101380597245,0.0386083107891302,0.0439883322396986,0.8776943526467,0.380109610027523,0.453167072336106
"YLR354C",5588.1796578251,-0.191452759780299,0.0393181158833102,-4.86932691150562,1.11979020450629e-06,2.87426746895476e-06
"YLR355C",7504.60960383835,-0.385829466950372,0.0660006296542753,-5.84584524377154,5.04002448360837e-09,1.58529165170288e-08
"YLR356W",481.326560148604,1.12286994487074,0.0954175147511234,11.7679646949463,5.70851573513807e-32,6.75884332909033e-31
"YLR357W",485.441363277038,-0.127655036768015,0.0478253761233418,-2.66919044063119,0.00760343253942845,0.0127446424070975
"YLR358C",27.4108885638288,0.186445230983068,0.10773378056973,1.73061067751532,0.0835212259987485,0.117038605346382
"YLR359W",3535.78904745994,-0.960759944300162,0.0801442306872322,-11.9878865398258,4.11264671073841e-33,5.19099022443478e-32
"YLR360W",403.667499181106,0.0952206655332774,0.0422589280057209,2.25326741654182,0.0242422929042648,0.0375000523697858
"YLR361C",266.662126610695,-0.0916487784705644,0.0389876197717662,-2.35071489378108,0.0187373846462488,0.0295155642275121
"YLR361C-A",201.650619352644,0.338760811230666,0.0743296087468885,4.557548693472,5.1754094365603e-06,1.25623293980587e-05
"YLR362W",514.692944761741,0.287998886370679,0.0357009321974263,8.06698505176402,7.20553672765549e-16,3.69902142907031e-15
"YLR363C",186.016432924754,-0.130271266093797,0.0816359125703321,-1.59575929259766,0.110542545014514,0.150727882488571
"YLR363W-A",126.236317814314,-0.81464600922439,0.140619396584226,-5.79326912938677,6.90293555693787e-09,2.14380558447745e-08
"YLR364C-A",0,NA,NA,NA,NA,NA
"YLR364W",76.1905968045398,0.31672622670036,0.0738308578963053,4.28988956277873,1.7876198901309e-05,4.11317716321529e-05
"YLR365W",3.64957316558607,-0.128725310072838,0.297948005303611,-0.432039509516656,0.665712697878217,0.727010263328188
"YLR366W",9.14841687331474,0.148646033909507,0.193435937696428,0.768450969761304,0.44221930901539,0.515423013676189
"YLR367W",3199.37377831224,0.0491257148816427,0.0690528216726512,0.711422266196824,0.476822605116965,0.550161472760752
"YLR368W",303.415281196053,0.185490358592695,0.0372882744807001,4.97449563370659,6.541773867348e-07,1.71628003178821e-06
"YLR369W",447.93705698337,-0.00190569703793103,0.0322212681106902,-0.0591440731439978,0.952837354767257,0.964190668350097
"YLR370C",906.067499894331,-0.0887882560896271,0.05217954251571,-1.70159130971482,0.0888320077247941,0.123624394323054
"YLR371W",935.882775007815,-0.077693930471155,0.0337649140467111,-2.30102556647032,0.0213901860056444,0.0333884932000971
"YLR372W",2514.13870433309,-0.557459514447368,0.0418216172433284,-13.3294585717222,1.56025887271054e-40,2.51948844727131e-39
"YLR373C",515.976836056726,-0.0895264988269173,0.0419311182396006,-2.13508493418539,0.0327540730331913,0.0496179846719495
"YLR374C",6.86423381972754,0.545669020884087,0.219899373145235,2.48144873302433,0.0130849531528952,0.0211443252851224
"YLR375W",1324.87950566472,0.117556551793235,0.0605585232510433,1.94120572104951,0.0522333294722807,0.076125651152504
"YLR376C",176.4946308204,0.355993883910394,0.0504356538720978,7.0583774885357,1.6845792139056e-12,6.92317372198075e-12
"YLR377C",110.61615670373,0.517984922930973,0.0774149644798243,6.6910180274767,2.21623356635792e-11,8.38123732983846e-11
"YLR378C",2363.6249954891,0.232340834145393,0.0227679511637909,10.2047317509578,1.88842253072749e-24,1.61572868020826e-23
"YLR379W",63.0777216874762,-0.335444611798058,0.101691435662902,-3.29865154928118,0.000971504233547244,0.0018349746355221
"YLR380W",744.132259763116,-0.0645618477502342,0.0419754296900194,-1.53808664323418,0.124027431359849,0.166996418149227
"YLR381W",284.115459960068,0.112750920157992,0.0446837481753779,2.52330936329376,0.0116256075888604,0.0189060412774872
"YLR382C",558.787967160318,-0.00904844116926601,0.0392058138685113,-0.230793351200736,0.817475346782589,0.858929725143949
"YLR383W",453.693512033783,0.468627432569779,0.0596173127222982,7.86059302526231,3.82319065361219e-15,1.85433455769865e-14
"YLR384C",1707.65562072965,-0.297215264139455,0.0516305689403245,-5.75657542110337,8.58374408144519e-09,2.64076813668432e-08
"YLR385C",8.93333572675347,-1.1581114116144,0.200435463137939,-5.77797657901184,7.56043294439701e-09,2.3363979435987e-08
"YLR386W",419.061359636126,-0.1791209020904,0.0302303381967254,-5.92520338094672,3.11911112791409e-09,9.97043004132017e-09
"YLR387C",980.575605942598,0.0489195080835384,0.0383954924492628,1.27409508155632,0.202629721318824,0.259957078133567
"YLR388W",3432.97372317799,-0.305012381096482,0.0662460182650967,-4.60423719167413,4.13980428275332e-06,1.01200119619972e-05
"YLR389C",1355.12473069361,0.0257077422945296,0.0380323863834995,0.675943445549423,0.499076552466443,0.572095918083097
"YLR390W",342.705313230338,0.250050781181461,0.0911305165722315,2.74387538430408,0.00607185825143902,0.0103182591184904
"YLR390W-A",5404.48239493971,0.101703069523555,0.0486461533233654,2.09067033209193,0.0365576262424092,0.0548483993285785
"YLR392C",513.442266983323,0.353189067737887,0.0407402777570672,8.66928472711798,4.34843337473528e-18,2.55229293385699e-17
"YLR393W",126.02855418692,-0.302002879578419,0.0517948638270741,-5.83074956209377,5.51789463607946e-09,1.72848803285932e-08
"YLR394W",402.864582654254,0.106065328108312,0.0439291518345563,2.41446337292762,0.0157584072594096,0.0251396297628661
"YLR395C",561.426407134841,0.164944001553128,0.0822646042233087,2.00504218199829,0.0449585377116165,0.066352667006696
"YLR396C",320.39338920586,-0.0280559213219347,0.0362802378540349,-0.773311394341217,0.43933811399485,0.512458018384951
"YLR397C",430.209321266218,-0.695897460946973,0.0650410965334587,-10.6993500730571,1.02494571479339e-26,9.83347499590477e-26
"YLR398C",876.079904312231,0.00500400718256735,0.0421150711994899,0.118817493121749,0.905419949354959,0.930025956639206
"YLR399C",1225.96988403204,-0.596888840709853,0.0280091888671082,-21.3104650599429,9.07891092336511e-101,3.61004787525021e-99
"YLR399W-A",0,NA,NA,NA,NA,NA
"YLR400W",18.8339294043101,-0.329125569591923,0.130326813642363,-2.52538645266887,0.0115571122096199,0.0188035418377425
"YLR401C",618.721016083991,-0.229774749698811,0.0837382175857665,-2.74396513710686,0.00607019841559782,0.0103179873735847
"YLR402W",19.9255663613114,-0.149247633855825,0.138931932371487,-1.07425003962915,0.28271063036381,0.349526676181281
"YLR403W",542.787299755388,-0.590605235786398,0.0435413172443074,-13.5642482397248,6.52451554811564e-42,1.09202293079045e-40
"YLR404W",168.430652971545,0.0633737095575895,0.0569902563795654,1.11200955362456,0.266134042685186,0.33064773433301
"YLR405W",380.478452018208,-0.176628127586562,0.0661861751414193,-2.6686559120415,0.00761554238102815,0.0127618309474038
"YLR406C",3590.01731272062,-0.436606364200913,0.0514375641415384,-8.48808398079511,2.10071745336592e-17,1.17966002952687e-16
"YLR406C-A",2.19414219521869,0.164915627931867,0.352727534218666,0.467543959382629,0.640110748776728,0.704982683451027
"YLR407W",191.210296579652,0.610832840324491,0.0585568141689037,10.4314561677242,1.78137131195056e-25,1.59143548765037e-24
"YLR408C",80.8817775474247,0.554976650250396,0.0911608043463769,6.08788672093867,1.14410771978482e-09,3.78380625211527e-09
"YLR409C",590.505784099729,-1.09400402300039,0.124508449551383,-8.78658458074294,1.54175613192244e-18,9.32782799603735e-18
"YLR410W",1294.10393330464,-0.286864218229895,0.0449212295788221,-6.38593869579064,1.70349239600321e-10,6.05911281908276e-10
"YLR410W-A",0,NA,NA,NA,NA,NA
"YLR410W-B",718.199206245462,-1.40352776625277,0.0393983963357767,-35.6239821106185,5.95962936176761e-278,6.21155914842416e-276
"YLR411W",97.7713265606261,0.176761764543732,0.0776648936210926,2.2759545053407,0.0228487327046112,0.0354960325824346
"YLR412C-A",4.67177049345875,1.09549862201294,0.261747081915585,4.18533270359913,2.84748723195697e-05,6.40267625701468e-05
"YLR412W",421.961564503331,0.0355995351451048,0.0440578494985341,0.808017993395008,0.419080223987221,0.49226870552557
"YLR413W",2488.89763695964,-2.33788247386854,0.0784837480112487,-29.7881094253229,5.56967718067305e-195,4.30492239616291e-193
"YLR414C",2729.65105177298,0.816637046107773,0.111995207743262,7.29171419530585,3.06035849100051e-13,1.32737743124795e-12
"YLR415C",21.8537144911949,1.17382266828657,0.123111449423286,9.53463446158205,1.50414528266934e-21,1.08915951573499e-20
"YLR416C",16.0854474579473,0.7427783425353,0.15895663886569,4.6728362390885,2.97068624521271e-06,7.34556099238614e-06
"YLR417W",684.317413468393,0.646954459636184,0.037907396084638,17.0667079899577,2.62595591877064e-65,7.05623076766532e-64
"YLR418C",508.880739702028,-0.132793004913378,0.0318913246649817,-4.16392251837664,3.12826310791474e-05,7.00270807658493e-05
"YLR419W",337.687532913154,-0.500518630173722,0.0842274623018681,-5.94246361572526,2.80769987490063e-09,9.00427386454147e-09
"YLR420W",1177.98729306735,-0.600718144199838,0.0452527202661628,-13.2747410689699,3.24390436999446e-40,5.20158931496315e-39
"YLR421C",1008.27207828952,0.14557888509106,0.0576842225185307,2.52372102344439,0.011612003881556,0.0188883837080217
"YLR422W",648.080344253817,-0.148943415264648,0.0284787882584712,-5.22997726984904,1.6953088277127e-07,4.70243122009504e-07
"YLR423C",135.971869411597,0.295341242086779,0.0686050429473713,4.30494945267133,1.6702386764997e-05,3.8570759969561e-05
"YLR424W",152.181325668968,0.0323829112644104,0.061869517974036,0.523406555034097,0.600691363535008,0.668417322833601
"YLR425W",456.840792767304,0.10421193030076,0.0457948602349792,2.27562503228606,0.0228684617849069,0.0355186607853634
"YLR426W",405.613466226904,0.327266278805314,0.0376725572273134,8.68712672810112,3.7172138277417e-18,2.19302863816768e-17
"YLR427W",902.607926834542,-0.0680153524355112,0.0228846756483809,-2.97209160752616,0.00295778417254402,0.00525887757118902
"YLR428C",0.617427218389119,0.301791087429574,0.67169903415256,0.449295104034688,0.653218789156828,0.716322660706172
"YLR429W",2028.82708494631,0.0160147521468984,0.0343883398177302,0.465702974664726,0.641428122838581,0.705814350824409
"YLR430W",1287.80155598581,-0.0130506418591473,0.0298700739196063,-0.436913611070143,0.662174000474544,0.724065323361053
"YLR431C",325.455410432712,0.40695671359878,0.0429706320290044,9.47057779657723,2.78299978974364e-21,1.97771235058331e-20
"YLR432W",3347.82474004834,-0.64784496175876,0.0390192126542232,-16.6032299908194,6.60395595719703e-62,1.71428728413428e-60
"YLR433C",430.789097259098,-0.274527231452962,0.0556821652510481,-4.93025424236344,8.21226684775226e-07,2.1358103457727e-06
"YLR434C",5.51947528588457,-0.898426858790505,0.229097115683936,-3.92159829733509,8.79635503149785e-05,0.000187538619460228
"YLR435W",255.793693781546,-0.84582074602198,0.0928210048419107,-9.11238514884159,8.05903763219816e-20,5.25978366905988e-19
"YLR436C",1050.26450893488,-0.108581694445609,0.0348686910130051,-3.11401693872336,0.00184558894030074,0.00336758788337633
"YLR437C",710.139876373479,0.223681163394144,0.0819670097857011,2.72891696279939,0.00635427021119891,0.0107609612956271
"YLR437C-A",3.86445009169248,1.31805380868212,0.312303990582015,4.22041936199974,2.43848272386857e-05,5.52878136370859e-05
"YLR438C-A",1219.49573327595,0.354817760026014,0.102513025730384,3.46119683326105,0.000537779454247155,0.00105275608018389
"YLR438W",397.128162612323,-1.21690909985511,0.116327249216559,-10.4610837791726,1.30356001585762e-25,1.17525417419194e-24
"YLR439W",436.259135146068,-0.268861671977023,0.0490363650519724,-5.4829037937878,4.18400579127459e-08,1.22736783958115e-07
"YLR440C",423.222939213915,-0.211274146583869,0.0513725886203413,-4.11258517933071,3.91253039379741e-05,8.66525968413792e-05
"YLR441C",11871.3703609367,-0.376176565450609,0.0378450539387326,-9.93991357654296,2.79069146344448e-23,2.21420606424851e-22
"YLR442C",596.548730481645,0.0909213831423134,0.0460640610626016,1.97380302658835,0.0484041445768005,0.0709810510645514
"YLR443W",481.462104125682,-0.0729419156632322,0.046529551997791,-1.56764706581948,0.116963521594683,0.158571554010608
"YLR444C",2.48750327820041,1.13896015016691,0.368862521591041,3.08776328170763,0.0020166904304422,0.00366617692151477
"YLR445W",3.31150584589814,-0.58742750431347,0.296165850212659,-1.98344104795227,0.047318185887835,0.0695368085286087
"YLR446W",161.005228553744,-0.849183402618685,0.0618973022161521,-13.7192312461898,7.78868347392716e-43,1.34281588012895e-41
"YLR447C",3197.05373911455,-0.295151725998149,0.0405509207660775,-7.27854560197939,3.37438171964267e-13,1.45714826424494e-12
"YLR448W",2691.96852433902,-0.431691845923446,0.0600805813192523,-7.18521419807092,6.71019025459227e-13,2.81803411241393e-12
"YLR449W",2208.8602061613,-0.491969740168885,0.0727013341904531,-6.76699740997998,1.31482429571148e-11,5.04162560211777e-11
"YLR450W",1676.52453374367,0.219182606503802,0.0326920937875729,6.70445300714019,2.02162198088788e-11,7.67056679896729e-11
"YLR451W",508.087959771272,-0.183616478651756,0.0522741268494692,-3.5125690225397,0.000443796714799696,0.000879285023360342
"YLR452C",382.986726780558,-0.813075596085606,0.0493988027422542,-16.4594190739389,7.17860821421531e-61,1.82220095592572e-59
"YLR453C",81.1796026613261,-0.302416393126694,0.0693440503970701,-4.36110079228183,1.29409732336214e-05,3.02278284801636e-05
"YLR454W",784.708939568522,0.139341808943308,0.0639803820058316,2.17788335384755,0.0294147221112125,0.0449054312922839
"YLR455W",261.807943789289,-0.0253758932522155,0.102665473733129,-0.247170663412884,0.804776148229364,0.848609747688492
"YLR456W",86.1217595941783,0.389811421035594,0.0714566447927447,5.45521584684274,4.89133924174478e-08,1.42634686918026e-07
"YLR457C",112.034714811888,0.520091434023802,0.0841100322968453,6.18346491876581,6.27096746589704e-10,2.12188810614391e-09
"YLR458W",1.48810296530136,0.779723362334969,0.443532727954446,1.75798382665248,0.0787502612584061,0.110804468643194
"YLR459W",506.086015537965,0.159134728307417,0.0419343073681577,3.79485767847101,0.000147728172709893,0.000307294254633008
"YLR460C",92.5942259374611,-0.000625160401476589,0.0700718010509684,-0.00892171161722907,0.99288159847863,0.996648550406318
"YLR461W",21.0263516636954,0.690807283917549,0.124485293258083,5.5493084029241,2.86801865380487e-08,8.49659789815835e-08
"YLR462W",15.4482275762256,-0.303491542787869,0.147523058400502,-2.05724817583389,0.0396623595927271,0.0591453222714871
"YLR463C",0,NA,NA,NA,NA,NA
"YLR464W",14.84608302025,-0.382581442262654,0.137328959764285,-2.78587592099529,0.00533833013585136,0.00913290848630956
"YLR465C",0,NA,NA,NA,NA,NA
"YLR466C-A",0,NA,NA,NA,NA,NA
"YLR466C-B",17.2551066312332,0.446750642533732,0.162935687905137,2.74188330547838,0.0061088039853191,0.01037335537275
"YLR466W",1235.69065763245,0.443473619540531,0.0827158714246313,5.36140902468293,8.25753064873261e-08,2.35114045250959e-07
"YLR467C-A",0,NA,NA,NA,NA,NA
"YLR467W",1123.20495685049,0.408644071466722,0.072655088555593,5.62443841980927,1.86112429062187e-08,5.58337287186562e-08
"YML001W",1227.09485385383,0.414720779914585,0.0356280058750732,11.6403028945479,2.57100925908722e-31,2.9824574524892e-30
"YML002W",402.627377632724,0.0300806777343072,0.045511142112059,0.660951941400231,0.508643134221889,0.58169332132559
"YML003W",46.7505100978343,-0.991401317096443,0.0791306013195685,-12.5286715956154,5.20268036520606e-36,7.21557222424446e-35
"YML004C",1508.12241812582,0.143184802620421,0.0451224654035643,3.17324865429694,0.0015074336038797,0.00277782902788333
"YML005W",212.738839732372,-0.0849612870985637,0.0536565150464826,-1.58342909570183,0.113323695689791,0.154092449624446
"YML006C",569.144437671546,-0.313459816266576,0.0430533690918778,-7.28072675561438,3.32026584133428e-13,1.43558194359136e-12
"YML007C-A",12.3761712001324,1.44839737511152,0.169857543346263,8.52713012667852,1.50023078548609e-17,8.51492374039507e-17
"YML007W",1679.92935131971,0.065399885209587,0.0298934097548558,2.18776933598094,0.0286864085739655,0.0438714549978453
"YML008C",3622.04304598106,-0.585972519691308,0.0304599104104311,-19.2374997757919,1.79668244827622e-82,5.97071428101067e-81
"YML009C",416.809039512585,0.0527003373385847,0.0686827557528287,0.767300856829907,0.442902659124704,0.516044612486253
"YML009C-A",43.8464713369479,-0.00152420044702287,0.191430692389871,-0.00796215292330791,0.993647188235493,0.997126040535661
"YML009W-B",0,NA,NA,NA,NA,NA
"YML010W",2161.36624979939,-0.333337892332566,0.0713671047744683,-4.67074982775282,3.00102249727251e-06,7.41524201104079e-06
"YML011C",197.529649661892,0.152092850547393,0.0566934090912523,2.68272543467246,0.00730249161164918,0.0122671159454297
"YML012C-A",4.76525749356143,-0.0183647596546156,0.245943547459523,-0.0746706300869227,0.940476776210506,0.954880004893297
"YML012W",3334.53516839106,0.280075313153684,0.065287675945938,4.28986495683509,1.78781795580953e-05,4.11317716321529e-05
"YML013W",533.980317814631,-0.115841556004516,0.0506415990504342,-2.28747824272194,0.0221679239596759,0.0345319630703374
"YML014W",546.757732961486,-0.00597197593247914,0.0715534142425821,-0.0834617885910069,0.933484359634346,0.950758465464408
"YML015C",456.055093710292,-0.0310850764131827,0.0545535793195493,-0.569808192256293,0.568807798542392,0.639873891442865
"YML016C",1034.06967551526,-0.157817690135196,0.0450281785492067,-3.50486506938612,0.000456838752860358,0.000903823347979983
"YML017W",524.594485170723,-0.0630056082671493,0.0507942702787051,-1.24040778460723,0.214824603127568,0.273916301188979
"YML018C",601.731374482075,-0.621922375396428,0.0695873371774522,-8.93729233826673,3.98822245923869e-19,2.49863226749571e-18
"YML019W",508.760612053494,-0.153051953638096,0.038957640930242,-3.92867612061398,8.54147842225728e-05,0.00018264479349303
"YML020W",472.879055694866,0.160404691868752,0.0429701792632571,3.73293047920586,0.000189264846530481,0.000389806251282389
"YML021C",361.090126939893,0.083961352506748,0.0354218283044546,2.37032803008051,0.0177723094901473,0.0281047625247639
"YML022W",1373.02626238955,-0.657982944660835,0.0491525337758733,-13.3865519051595,7.2467733642934e-41,1.17850009392374e-39
"YML023C",331.438466248087,-0.169850187872145,0.0509225942594505,-3.33545826449373,0.000851589356203767,0.00161914958024481
"YML024W",8188.32658770852,-0.227401652083141,0.0526762971310649,-4.31696350100955,1.5819030365285e-05,3.66517716008069e-05
"YML025C",478.419696183075,-0.0845214689696693,0.0365771014129351,-2.31077547713443,0.0208452597144335,0.0325970769664897
"YML026C",8276.81758644418,-0.616446268134704,0.0617832470485974,-9.97756345906877,1.91101809228895e-23,1.53394322717103e-22
"YML027W",173.803372262897,0.415648681394061,0.10026352895894,4.14556205740849,3.38981174704955e-05,7.55377875217165e-05
"YML028W",21455.6023081042,0.0304566547011396,0.086473715287089,0.352207079342259,0.724682968146579,0.779529966830386
"YML029W",692.179612281648,0.194785992443861,0.049348209512206,3.94717446426666,7.90789331583651e-05,0.00016978276566679
"YML030W",607.454011208239,0.120695089911993,0.0380123897679047,3.17515132957783,0.00149758378133485,0.00276263846387837
"YML031C-A",0.716186356838607,-1.42484410575726,0.63258134275588,-2.25242827989494,0.0242952202752648,0.0375734757809232
"YML031W",1219.96116432482,0.101552229609969,0.0416942555317555,2.43564079307338,0.0148654382696506,0.0238144736508912
"YML032C",904.959820283167,0.168234557905787,0.0440588940537357,3.81840174427896,0.000134319061594322,0.000280759898118305
"YML034C-A",6.78310488188572,0.0450413904127641,0.212821565618604,0.211639221250174,0.832388508231401,0.872068313756291
"YML034W",675.628578114169,0.130326729402861,0.037246457160588,3.49903693768666,0.000466941889539094,0.000922485140189382
"YML035C",852.895686382906,-0.790125799105539,0.0267128027173599,-29.578543571995,2.82141239875968e-192,2.10961911859433e-190
"YML036W",198.965621751161,-0.14670680141016,0.050901171455599,-2.88218909732032,0.0039492265149474,0.00688937623977466
"YML037C",48.8779892872819,-0.297874474875183,0.0824195934437486,-3.61412210894346,0.000301367013024909,0.000606525360619763
"YML038C",897.596870015905,0.220465477151662,0.0429752100477135,5.13006165430928,2.89647294690506e-07,7.88166036462023e-07
"YML039W",1617.16909580331,-2.50367847676348,0.0450423409605159,-55.5849989892446,0,0
"YML040W",0,NA,NA,NA,NA,NA
"YML041C",212.860080413409,0.139757666228048,0.0403498621684508,3.46364668222641,0.000532905961698455,0.00104351269869732
"YML042W",248.768474506846,0.609186891041696,0.0508697659233152,11.9754215492171,4.78001804533338e-33,6.00031827260006e-32
"YML043C",66.8370774488727,-1.35672431839627,0.212230405065197,-6.39269532553306,1.62986820879513e-10,5.80925565196981e-10
"YML045W",1645.93465671745,-2.35672411339408,0.0426157779325037,-55.3016799816898,0,0
"YML045W-A",0,NA,NA,NA,NA,NA
"YML046W",278.576764169912,-0.296314113347662,0.0750745036514797,-3.94693403133571,7.91583560410046e-05,0.000169900259346668
"YML047C",1.61579933991324,0.404007126701428,0.419699659634998,0.962610088968819,0.335743232580693,0.406043898896376
"YML047W-A",1.80733885299936,-0.716249339698844,0.418563413759963,-1.71120866313843,0.0870426000211437,0.121502850151268
"YML048W",2885.04549783858,-0.0236915921205031,0.0345141344003043,-0.686431589033107,0.492440990237757,0.565990225392137
"YML049C",886.491941231234,-0.0925444238355418,0.0318368054037835,-2.90683762588014,0.00365102660668454,0.00640209330292709
"YML050W",143.399755599612,0.110043756631783,0.0482804009418306,2.27926352070617,0.0226514051422146,0.0352053809248292
"YML051W",838.760087376407,0.118677014045352,0.0462409579555208,2.56649125131679,0.0102733216798613,0.0168462883994675
"YML052W",1338.49988658112,0.186073835178777,0.047187336773373,3.94330021362374,8.03679457167745e-05,0.000172388867660022
"YML053C",497.06080941153,0.166627299118772,0.0547039207267538,3.04598458218517,0.00231919727181586,0.00418185007413403
"YML054C",172.488907937763,0.293117063764162,0.0685149838355548,4.27814541221644,1.88456900090518e-05,4.32997667242041e-05
"YML054C-A",27.3188969618186,0.635422634673758,0.128953940589394,4.92751622609986,8.32815093169739e-07,2.16410461848365e-06
"YML055W",424.700053043838,0.926902754023459,0.0677469521957617,13.681836953271,1.30357384631706e-42,2.22513262749754e-41
"YML056C",4380.13270314523,-0.628998776027149,0.0703868385466103,-8.9363123705382,4.02373460497027e-19,2.51858692880714e-18
"YML057C-A",9.08997704048948,-0.266390879143708,0.17985475714061,-1.48114447112146,0.138568079551024,0.184694791558127
"YML057W",1277.00330168017,0.164503794487883,0.0454685410893087,3.61796949158247,0.000296923386435215,0.000598757128906387
"YML058W",1380.56256298011,-0.384227606596335,0.0599727540759709,-6.40670271886485,1.48700355516301e-10,5.31934345084054e-10
"YML058W-A",89.1913524989123,-0.447308683812219,0.0915494467328324,-4.88597910501408,1.02916113330405e-06,2.65252882577692e-06
"YML059C",639.969182317916,-0.0980378604209787,0.0415823394496174,-2.35768024884133,0.0183895251715761,0.0290074624295511
"YML060W",133.604732616896,-0.216699278578351,0.0749675033704916,-2.89057616748176,0.0038453633494188,0.00672059310992173
"YML061C",438.431688090763,-0.00548396723680053,0.0543429977556057,-0.100913962484428,0.919618759231495,0.941218745666475
"YML062C",579.396137917283,-0.0126377068096291,0.0342620226277772,-0.368854662987214,0.712236057818071,0.769027129450716
"YML063W",13733.2056781695,-0.32950290799973,0.047255031189968,-6.97286404647813,3.10552711119047e-12,1.24783417043687e-11
"YML064C",346.514316501998,0.283904494192837,0.0410155832557048,6.9218689984946,4.45723345928251e-12,1.76926191381445e-11
"YML065W",479.065824084015,-0.188909282201997,0.0648090755367193,-2.91485846137345,0.00355849887659378,0.00624780851763364
"YML066C",143.345576454842,0.452171926548996,0.0568394583428863,7.955246931124,1.78774587402782e-15,8.87935297287898e-15
"YML067C",944.50241155147,0.227927054073958,0.0283181108619356,8.04880859409063,8.36038776062152e-16,4.27274200633844e-15
"YML068W",354.711446488546,-0.229527303469911,0.0317583724096706,-7.22730058420812,4.926888212441e-13,2.08952305877815e-12
"YML069W",2033.57593104659,0.286733170359911,0.0294393247971418,9.73980117871959,2.03953002905537e-22,1.54684973206967e-21
"YML070W",1748.56547973275,0.0988712360177599,0.0499123230053221,1.98089830455732,0.0476026792658962,0.0699100834052306
"YML071C",709.513759832647,0.219482569510472,0.029387506138097,7.4685673727837,8.10726047155196e-14,3.66184141719015e-13
"YML072C",2703.40797175591,-0.0260961966751892,0.0382631882630671,-0.682018353927348,0.495227345305964,0.568441332948394
"YML073C",8118.69374625082,-0.139669310162234,0.0709926231417814,-1.96737779196152,0.0491396726831541,0.0719675981237847
"YML074C",5093.5466986341,-0.140732657991413,0.0617106202889901,-2.28052573985424,0.0225765259650897,0.0351128017440317
"YML075C",1409.40838872919,-0.711731630802569,0.0439624748589766,-16.1895260238572,5.97873257915218e-59,1.45327566826812e-57
"YML076C",438.832609142544,-0.0205454443405102,0.0451472586192033,-0.455076232065422,0.649054396580318,0.712323738684749
"YML077W",287.616483877991,-0.202920331820349,0.0511929742989183,-3.96383165071611,7.3756275373065e-05,0.000159000131084711
"YML078W",1589.10474038706,0.164586696036127,0.0696033253478624,2.36463840216768,0.0180476825063598,0.0285205623618767
"YML079W",576.539904725816,0.0718338081415117,0.0353774014808119,2.03049984268837,0.0423057571445328,0.0627606865208629
"YML080W",131.063141466927,-0.511886553307055,0.118896007446987,-4.3053300468083,1.66736957659987e-05,3.85411132978175e-05
"YML081C-A",506.129902329965,0.243524022608263,0.0709210370156447,3.4337346555514,0.000595326661732426,0.00115848715871495
"YML081W",864.803554802716,-0.212278477317479,0.056293151191717,-3.77094678168796,0.000162629355978997,0.00033696606619865
"YML082W",442.519019915641,-0.781835223994689,0.0798748065801349,-9.78825811878878,1.26455544131281e-22,9.68694530154883e-22
"YML083C",104.01561967367,0.563194220145824,0.0677510140370731,8.31270539858852,9.35445448190902e-17,5.07086622388118e-16
"YML084W",1.50750816580146,0.0942119185584158,0.479627470019764,0.19642727835112,0.84427574708932,0.882640252922102
"YML085C",2721.11589035741,0.157120911208444,0.0503686399943801,3.11941936939284,0.00181207848550446,0.00330907563094908
"YML086C",1388.23000798272,0.0755551680646414,0.0354185677274979,2.13320788818862,0.0329076763261083,0.0497958436971621
"YML087C",135.533320067996,0.574874901621532,0.0672961363703197,8.54246517895305,1.31388299093729e-17,7.49436243338113e-17
"YML088W",1057.85682544614,-0.00426418063303927,0.0423181889969515,-0.100764723966483,0.919737230465191,0.941218745666475
"YML089C",2.99247050200369,1.12189355682589,0.338016326943487,3.31905138124722,0.000903238080892487,0.00171214515251017
"YML090W",8.44969713863931,-0.727631849357234,0.216040996629067,-3.36802672044023,0.000757082582327527,0.00144907375732639
"YML091C",812.496881572297,0.196841605227258,0.0817131493491241,2.40893426327556,0.0159991794612702,0.0254941754723367
"YML092C",1651.62636700114,0.12473606551124,0.0336704419754445,3.70461622102285,0.000211711023465578,0.000433311553234071
"YML093W",959.19536827365,-1.05183055966482,0.120007449237079,-8.76471057714841,1.87257099490633e-18,1.12796986637134e-17
"YML094C-A",1.58596119785717,0.167539273961556,0.435480814897754,0.384722514127039,0.700443012866217,0.759033945416935
"YML094W",176.934726506018,-0.322808876828139,0.0523500273807972,-6.1663554534558,6.98819012943167e-10,2.3506973056411e-09
"YML095C",79.2963923379586,-0.243819751194268,0.070170594732125,-3.47467129393794,0.000511479686771586,0.00100355640767306
"YML096W",276.551694554278,-0.340802142444547,0.0529867219208759,-6.43184047040049,1.26068018748243e-10,4.53330842116655e-10
"YML097C",221.391874738368,-0.191344734628084,0.0512919760477014,-3.73050035058376,0.000191099877438285,0.000393467841035007
"YML098W",494.362747024941,0.18449002603197,0.0554184643103683,3.32903533736956,0.000871473465301433,0.00165375612905064
"YML099C",402.19307341009,-0.179393518008385,0.0464091906463969,-3.8654739612942,0.000110873678007305,0.000233527259954761
"YML099W-A",23.2085724371807,0.548942609062252,0.135111687812098,4.06288025818814,4.84708970510898e-05,0.000106308039271743
"YML100W",5568.98297317169,-0.142459738166854,0.145211669238816,-0.981048829709155,0.326568662477892,0.396551779203075
"YML100W-A",8.64336671034741,-0.282767521358669,0.18654426670276,-1.51581995178245,0.12956488561003,0.173670469234489
"YML101C",426.823944424433,0.990676625103851,0.0553235786279409,17.9069512434526,1.04082662212108e-71,3.09950057730344e-70
"YML101C-A",0,NA,NA,NA,NA,NA
"YML102W",518.079778710645,0.378209174597155,0.0836693012650373,4.52028604134162,6.17561320186029e-06,1.48590567385788e-05
"YML103C",877.96332289668,-0.226442988556213,0.0561600011757649,-4.03210441266749,5.52796155276595e-05,0.000120681839166858
"YML104C",344.961933279993,0.0429460742974677,0.0567152832184203,0.757222248755684,0.448916722977961,0.522609263388965
"YML105C",701.709859633235,-0.164522493864588,0.0418732907536186,-3.92905575137705,8.52800681569841e-05,0.00018241342936937
"YML106W",2468.24052980918,-0.488538375380699,0.0413689717273218,-11.8092946230531,3.49480872052856e-32,4.18100681539408e-31
"YML107C",214.706714550602,-0.127794333098592,0.0456720941634113,-2.7980835002081,0.0051406821156762,0.00881864146477222
"YML108W",126.061737105715,-0.353411425370994,0.0837703283970282,-4.21881389429448,2.45590881881177e-05,5.56279116384794e-05
"YML109W",284.922716019613,0.389141794064031,0.046948411181133,8.28871061392626,1.1448270200415e-16,6.16217924167878e-16
"YML110C",1313.80116703223,-0.103674882627659,0.0365760848609953,-2.83449918222979,0.00458975754098595,0.00792649088278957
"YML111W",841.230908552174,-0.112790856813852,0.0342490456777413,-3.29325546396628,0.000990344471192151,0.00186748344773323
"YML112W",258.009097469318,-0.106818236284878,0.0662013955803029,-1.61353450857854,0.106628432290251,0.145998603846465
"YML113W",220.230599727548,-0.420055589839548,0.104903477273757,-4.004210353708,6.22249784053957e-05,0.000135243483870685
"YML114C",633.286830828114,0.0616030144833378,0.04360211371504,1.41284468193313,0.157701397174781,0.207622566730205
"YML115C",1323.94347242068,0.373748776678607,0.0383478032684412,9.7462890915107,1.91334844077281e-22,1.45435623470455e-21
"YML116W",374.087219049393,-0.324391838110769,0.0838310349379616,-3.86959123611957,0.000109017979686523,0.000229900270467074
"YML116W-A",197.13235451588,0.555825268818452,0.0638354718501053,8.70715376121302,3.11600270821731e-18,1.8510347694151e-17
"YML117W",2165.09269199994,-0.0279224731422226,0.0385055909746061,-0.725153735742871,0.468357721523221,0.541757653667099
"YML118W",186.562703883025,0.461640754855717,0.0633655231696641,7.28536168824256,3.20808451650587e-13,1.38969857613626e-12
"YML119W",439.087728359213,-0.246575599667763,0.0469880486967542,-5.24762373639056,1.5407356536411e-07,4.28404226410555e-07
"YML120C",1098.21580684296,-0.0976476381263985,0.0912324996228948,-1.0703163733321,0.284476926891828,0.351394645374193
"YML121W",430.000239272605,-0.147663774277842,0.0392159733830354,-3.76539867659439,0.000166283545931792,0.000344330075997832
"YML122C",60.711784437419,3.17263939823961,0.117968349223986,26.8939882528638,2.58223616185689e-159,1.55817566293102e-157
"YML123C",4698.00660093677,-4.62510122550303,0.0643994859874708,-71.8189152379705,0,0
"YML124C",2562.3415428202,0.141425727296203,0.0447720656556144,3.15879388688577,0.00158423489296466,0.00291000048830544
"YML125C",1670.22961430163,-0.270924462487624,0.0547075089078886,-4.9522354041706,7.33657762638723e-07,1.91603331404395e-06
"YML126C",2403.83272386029,-0.366538717729585,0.039167267749021,-9.3582917266101,8.10362362408258e-21,5.63079059697616e-20
"YML127W",840.685319591212,-0.0793179114418197,0.0354446750284449,-2.23779485573406,0.0252344360445605,0.0389384669247491
"YML128C",1541.41476463505,-0.191295511511332,0.102258899110972,-1.87069793606654,0.0613869610617172,0.0881845625673678
"YML129C",816.994631144938,-0.0924589355907055,0.110933002612725,-0.83346644743302,0.404581713199131,0.478281080099127
"YML130C",897.457613649572,-0.250219162137127,0.0543251614958118,-4.60595339705373,4.10580341559052e-06,1.00440333200026e-05
"YML131W",461.379327706426,0.188305087378304,0.0706628408756662,2.6648389032311,0.00770252113227884,0.0128887479613102
"YML132W",542.054931658974,0.340958495863199,0.0637935909826142,5.34471395341456,9.05599508752603e-08,2.56891506008625e-07
"YML133C",709.0424448427,0.510714113392958,0.0481991434388897,10.5959167934276,3.11275847574066e-26,2.90538202912076e-25
"YML133W-A",0,NA,NA,NA,NA,NA
"YML133W-B",0,NA,NA,NA,NA,NA
"YMR001C",491.844638554509,-0.217965269062296,0.0563353766882716,-3.86906561872114,0.000109253238540967,0.000230325782385324
"YMR001C-A",7.03843199982887,-1.06947004696945,0.270945263403581,-3.94718118905235,7.90767128244741e-05,0.00016978276566679
"YMR002W",2099.97114718733,-0.0405064432880894,0.077098408547236,-0.525386244039943,0.599314714237154,0.667101281429997
"YMR003W",93.7891498673679,0.0484044668320804,0.110143843367096,0.439465932478442,0.660323961712658,0.722386853152254
"YMR004W",706.58245482084,0.364702003685072,0.0444374614999854,8.20708454926465,2.26623987070073e-16,1.2010372935709e-15
"YMR005W",551.210374091835,-0.124453211052498,0.0455640685810093,-2.73138933656088,0.00630679174875959,0.0106858178422949
"YMR006C",1213.11395551382,-1.78161237161745,0.0778213524859872,-22.8936187139418,5.37862820021563e-116,2.35666136237473e-114
"YMR007W",55.6440276071426,-0.957023860285669,0.0943502553879355,-10.143309695885,3.54868418418864e-24,2.97699981744313e-23
"YMR008C",1699.77307238567,-1.46259698834233,0.13758517624802,-10.630483808123,2.14994247253428e-26,2.03992472669839e-25
"YMR009W",550.520799019345,0.192748052778708,0.0825469296143627,2.3350117766848,0.0195428055298834,0.0307139500205775
"YMR010W",733.510379630327,0.00858398389022539,0.0357215165498347,0.240302896385991,0.810095449799015,0.853260848134654
"YMR011W",26262.2381176509,-0.958196908850677,0.0757957153509013,-12.6418347582662,1.24123298186303e-36,1.74610259350425e-35
"YMR012W",2434.42032248399,-0.636182637775781,0.0430615120806759,-14.7738109285129,2.16138063175823e-49,4.33473392590813e-48
"YMR013C",176.71250075421,-0.543063827673441,0.0542241108025459,-10.0151725797953,1.30733540807394e-23,1.06934129276345e-22
"YMR013C-A",0,NA,NA,NA,NA,NA
"YMR013W-A",0,NA,NA,NA,NA,NA
"YMR014W",527.483421570456,-1.06642365470069,0.116491052306511,-9.15455422185321,5.45826948650434e-20,3.61380517783093e-19
"YMR015C",503.311643229166,-1.29413219380043,0.0575020504330735,-22.5058442969207,3.63818761638728e-112,1.57403098195774e-110
"YMR016C",1025.49075671326,-0.375078560816023,0.0538132098723236,-6.97000906851549,3.16920556216571e-12,1.27119329808384e-11
"YMR017W",51.6837084191139,1.64258666770349,0.0960408943456365,17.1029922086322,1.40976791896712e-65,3.8331199662351e-64
"YMR018W",57.058579069294,1.1227339894098,0.0898157424869435,12.5004142739566,7.42632720745166e-36,1.01967474770579e-34
"YMR019W",462.832337576536,0.13746098710976,0.0314736417518477,4.36749544884461,1.25679414446909e-05,2.93764421332071e-05
"YMR020W",746.88111066963,0.217383159065769,0.0640320967973918,3.39490927110517,0.000686513467291501,0.00132172576028498
"YMR021C",273.576922440152,0.0608706395045231,0.0384038030878803,1.58501592577254,0.112962715903544,0.153662353707826
"YMR022W",873.851071969915,0.300666630811946,0.0485484530203692,6.1931248496383,5.89829710271895e-10,2.00367337133845e-09
"YMR023C",232.845569689943,0.360966034936879,0.0405772103193729,8.89578243787109,5.80091256533096e-19,3.59499797629835e-18
"YMR024W",577.148837833818,-0.222311613280542,0.028124084469136,-7.90467023111495,2.68643825648735e-15,1.31436762207514e-14
"YMR025W",65.1653649749063,0.18148270561715,0.0896676261553911,2.02394903711007,0.0429753956701315,0.06365799888347
"YMR026C",409.700517310658,0.101198320389529,0.0315770212846889,3.20480894879715,0.00135152157555315,0.00251205536834102
"YMR027W",1449.52422325187,0.205166297957893,0.0374948907687683,5.47184679702515,4.45369776702727e-08,1.30425657468628e-07
"YMR028W",395.0701305917,0.230241353160002,0.0364764103210718,6.31206171696659,2.75342371728161e-10,9.58542598743937e-10
"YMR029C",687.968206476155,0.383905807257651,0.0355780326914109,10.7905293861381,3.81585094541313e-27,3.73388885540497e-26
"YMR030W",284.461614759499,0.556685047065397,0.0641031316007437,8.68420985315698,3.81384126225003e-18,2.24618270916249e-17
"YMR030W-A",9.1587935882826,-0.414252604406345,0.23006302386682,-1.80060488401713,0.0717651788309691,0.101767195460366
"YMR031C",2801.55828328439,0.0394773992739706,0.0507442178525785,0.777968425657084,0.436587627396696,0.509636227534681
"YMR031W-A",18.4209029855738,0.496010597147126,0.161682518770866,3.06780597505451,0.00215636577260164,0.00390667372918797
"YMR032W",515.109637408795,-0.552411364582952,0.0607645354782839,-9.09101600522188,9.81178269631531e-20,6.36747671395783e-19
"YMR033W",833.954177153044,-0.171058717513111,0.0569796129891192,-3.00210388487152,0.00268120660617075,0.00480187978230893
"YMR034C",186.660895726132,0.686529720611748,0.0799240410725496,8.58977738611294,8.7137990486206e-18,5.00770456603685e-17
"YMR035W",297.062680495254,0.44733128401998,0.0827464292437103,5.40604939824617,6.44300337275995e-08,1.85445272808434e-07
"YMR036C",243.434022364574,0.353987630158821,0.0569567651772355,6.21502343149754,5.13169916714235e-10,1.75626659556081e-09
"YMR037C",853.635221440254,0.0573445784699102,0.040082847777741,1.43065130471481,0.152530175729215,0.201491831677939
"YMR038C",1522.81365560756,-0.236211488432591,0.0360812830874997,-6.54664879460525,5.88425206359213e-11,2.16574478038792e-10
"YMR039C",1838.47317170627,0.0539237460362366,0.0326478711324607,1.65167725079085,0.0986003626252686,0.136199175602254
"YMR040W",83.6298794091067,0.532380581213087,0.0650520381023571,8.18391854803081,2.74759827836375e-16,1.44833169018117e-15
"YMR041C",312.191807636454,0.628388711455305,0.0536478569217478,11.7132118133235,1.09068203750546e-31,1.27816043202726e-30
"YMR042W",334.590892365664,1.14253693550118,0.0716827200231334,15.9388055466151,3.40805854464002e-57,7.9202820028982e-56
"YMR043W",1483.42200909279,-0.478185526871672,0.0972513165270593,-4.91700826218246,8.78768441217397e-07,2.2768542776401e-06
"YMR044W",749.070001075698,0.232171553718684,0.0462007439082722,5.0252773890317,5.02705387821351e-07,1.33106634442766e-06
"YMR045C",1505.72726756558,-2.26504654020974,0.0503357366945124,-44.9987759979816,0,0
"YMR046C",0,NA,NA,NA,NA,NA
"YMR046W-A",61.9539892859382,-0.954252618559837,0.0885252607448453,-10.7794386656512,4.3050481283616e-27,4.20062781205665e-26
"YMR047C",1528.98049162595,-0.227996374689718,0.0436351214615966,-5.22506565933082,1.74093321239911e-07,4.82703731079947e-07
"YMR048W",226.599213218891,0.567500831981224,0.0521473133982715,10.8826475421078,1.39452716939927e-27,1.38626479744185e-26
"YMR049C",581.666129197533,-1.06707586854018,0.119478929941164,-8.93107989053506,4.2187029858597e-19,2.63822343997535e-18
"YMR050C",1854.93469023138,-2.32132970780558,0.0518571077129036,-44.7639640964389,0,0
"YMR051C",0,NA,NA,NA,NA,NA
"YMR052C-A",12.3965758249754,0.415162650544664,0.198904163141832,2.08724967837212,0.0368655709646156,0.0552501661580807
"YMR052W",81.6898982322552,0.38008167673286,0.0817967156052487,4.64666183624213,3.37349495633103e-06,8.31467997298502e-06
"YMR053C",386.777564057535,0.356536189532466,0.0591645809689061,6.02617619686757,1.67884157214428e-09,5.47853471289397e-09
"YMR054W",1894.84839402007,0.0956028753179293,0.033384673052227,2.86367565045097,0.00418756565735737,0.00727337448832867
"YMR055C",146.571107354551,0.322195955417711,0.0526639156285234,6.11796429438312,9.47782955153444e-10,3.16495094587405e-09
"YMR056C",465.33662548725,2.03364871943631,0.0541234215022713,37.5742823160389,0,0
"YMR057C",20.9672426735521,0.635037410942379,0.126395000381953,5.02422887790941,5.0545929162226e-07,1.33784319625607e-06
"YMR058W",5652.67736338445,0.357555454851256,0.0761166207027689,4.69746885174382,2.63405338501746e-06,6.55559089563499e-06
"YMR059W",117.138380060239,0.227497112106112,0.0733497683254403,3.10153825021978,0.00192517998505499,0.00350537668533438
"YMR060C",333.925774696863,-0.0954580571395269,0.0388035134162574,-2.46003644349207,0.0138922908198525,0.0223648650947263
"YMR061W",652.708816494921,-0.181026187520703,0.0546744497260883,-3.31098325502351,0.000929687716330346,0.00175937326014758
"YMR062C",811.972904309906,0.427243133944271,0.0923845799080717,4.62461521575791,3.75294432181384e-06,9.20374473788143e-06
"YMR063W",89.5710950501128,-0.149642642798941,0.0852239546945938,-1.75587536784929,0.0791096917329553,0.111264683997342
"YMR064W",463.136296285178,-0.0703937230529445,0.0731068629276768,-0.962888027661419,0.335603718388584,0.406017935067723
"YMR065W",145.657228068524,0.214062365908527,0.0523634853677268,4.08800835936066,4.35092478881194e-05,9.61143597374352e-05
"YMR066W",294.731568901733,0.0233640502066403,0.0753617689573897,0.310025236003292,0.756541765643949,0.807236048683842
"YMR067C",471.05465871876,0.126965172080995,0.0375225183680501,3.38370604114633,0.000715145259128464,0.00137415760825271
"YMR068W",399.674327028829,0.658024522043312,0.0789050240662422,8.33945024198825,7.46367137342493e-17,4.06835145624327e-16
"YMR069W",28.2578933083901,-0.568629776884514,0.107713455715716,-5.27909696245639,1.29822097018678e-07,3.63174544689503e-07
"YMR070W",1064.93770944245,0.297255932383317,0.0697911004801128,4.25922403198128,2.05137790684177e-05,4.68506926333483e-05
"YMR071C",1337.53605784707,0.383338406664101,0.0472515478087627,8.11271639641425,4.95005104359166e-16,2.56604379268026e-15
"YMR072W",1474.45478098215,0.189423747408221,0.043661850371196,4.33842692872185,1.43506181153083e-05,3.33731920267769e-05
"YMR073C",274.898127074008,0.0647563708896935,0.0413552258948406,1.56585702262534,0.117382093163029,0.159013670513682
"YMR074C",857.917108407422,0.263164562937142,0.043044667951681,6.11375520964762,9.73135429310605e-10,3.24174267226521e-09
"YMR075C-A",5.12153698488643,0.518501233907093,0.240627991729461,2.15478353195935,0.0311787775158484,0.0474091093128915
"YMR075W",268.477617244755,-0.100910769781888,0.0907479827156895,-1.11198912374767,0.266142826719273,0.33064773433301
"YMR076C",316.675324503461,0.282660400218428,0.0685996439614201,4.12043538268791,3.7815711647488e-05,8.39142840074419e-05
"YMR077C",221.200449870773,0.201893990759308,0.0383957423950749,5.25823901728244,1.45441406832744e-07,4.05221319401559e-07
"YMR078C",330.837011462856,0.157044575980558,0.0585609148803379,2.68173023426051,0.00732424957803113,0.0123006623162295
"YMR079W",830.462628509223,-0.357435478564244,0.0426910372577223,-8.3726117125343,5.63550568395591e-17,3.08651621018573e-16
"YMR080C",1178.96249116261,-0.418075697944313,0.0508651915854894,-8.21928876924902,2.04713581298184e-16,1.08827258558748e-15
"YMR081C",403.023274496649,-1.45888525603496,0.103657342560876,-14.0741139989981,5.47872230270594e-45,1.00234390213601e-43
"YMR082C",4.74357043948621,1.15933056386817,0.276892191403527,4.18693845424708,2.82742454568048e-05,6.36239890406805e-05
"YMR083W",4089.84424048686,-0.327505958505809,0.0487907067726115,-6.71246596267086,1.91362451824492e-11,7.26881450083204e-11
"YMR084W",64.4944580350801,-0.172420152576918,0.130923398482787,-1.31695445256553,0.187853892399677,0.243223588521998
"YMR085W",286.28283292825,0.418547928574825,0.141293103119837,2.96226722559725,0.00305382618389054,0.00541525609767881
"YMR086C-A",45.5525372236439,0.204343193678252,0.111623815572026,1.83064154034761,0.0671540639883512,0.0957415142333406
"YMR086W",902.679890535485,-0.0852328179730297,0.0532980078283148,-1.59917455540898,0.109781822360602,0.149720292628585
"YMR087W",264.453357896861,0.172647474909813,0.0415540827784439,4.15476562989795,3.25621136374047e-05,7.26783840725851e-05
"YMR088C",814.037529468499,0.158449068800659,0.0246930971843285,6.41673531748051,1.3922767459378e-10,4.99346805803237e-10
"YMR089C",1362.76530755604,0.208402889242762,0.0441320044239131,4.72226204005904,2.33235905030302e-06,5.83429014801254e-06
"YMR090W",430.296199343353,0.372285000606844,0.0698410929429805,5.3304578281841,9.79654812276863e-08,2.77326973401339e-07
"YMR091C",898.725416292451,0.138355841699547,0.0328636205596268,4.20999997393829,2.55370717732724e-05,5.77290557766483e-05
"YMR092C",1572.77024269945,-0.0787359903585562,0.044437059997443,-1.77185417674092,0.0764187666282176,0.107810643075371
"YMR093W",309.652313774722,-1.23496232572916,0.121636089678058,-10.1529268903482,3.21571697604129e-24,2.7142229543789e-23
"YMR094W",44.7152693110454,-0.38946447765448,0.0949532342728804,-4.10164520078613,4.10222956096105e-05,9.070793040775e-05
"YMR095C",39.8913504270464,-0.321362117940922,0.0879186259716284,-3.65522225113739,0.000256959271764879,0.000521268897219286
"YMR096W",292.77400277993,-0.0464510135610516,0.0968368237239774,-0.479683366045287,0.63145255748004,0.697233088748828
"YMR097C",284.186214245378,0.0648331379102859,0.0475695593010396,1.36291230910918,0.172910148896457,0.225638407504163
"YMR098C",315.212640108172,0.219339596033129,0.043861453727314,5.00073703431628,5.71115650474182e-07,1.50456884065669e-06
"YMR099C",1075.34737824982,0.129832996057665,0.0441559529206681,2.94032825632654,0.00327864702891096,0.00578451216000987
"YMR100W",510.605150537445,-0.137113437426729,0.0415873870094149,-3.29699573083753,0.00097724986655027,0.00184380192868879
"YMR101C",6.31389712206197,-0.185182917043479,0.204131311724623,-0.907175462103011,0.36431401754957,0.436647836223052
"YMR102C",1300.71536533578,-0.876776346007691,0.0786526264649359,-11.1474515908069,7.36865714687048e-29,7.76247971107535e-28
"YMR103C",626.083711312952,0.240146557376847,0.0765147554521211,3.1385653127666,0.0016977709486274,0.00310858832994621
"YMR104C",1388.6004956712,-0.422963282277039,0.0689082745021817,-6.1380623057634,8.35341019412866e-10,2.79625833213679e-09
"YMR105C",3871.11509562876,-1.4344327030808,0.108703843162678,-13.1957864721869,9.27814668434919e-40,1.45385811028788e-38
"YMR105W-A",24.4695331697274,0.356525134971048,0.112073146678103,3.18118251819111,0.00146675189794389,0.00271085070014938
"YMR106C",165.622628461871,0.00261458850019543,0.0488733860161019,0.0534971835046178,0.957335774675495,0.968030691458581
"YMR107W",49.38258000483,1.44237614851532,0.180001705942122,8.01312488104476,1.11829983386549e-15,5.65230312796526e-15
"YMR108W",3235.31815737296,-0.175568049934086,0.0575327600645905,-3.0516187601113,0.00227610988380219,0.00411278168917133
"YMR109W",2066.56624918173,0.0222209582772287,0.0470680469147778,0.472102832680997,0.636853390670039,0.701956651960334
"YMR110C",1154.65931523162,0.166328574527316,0.0603200077694159,2.75743622519309,0.00582565760187578,0.00992685128642642
"YMR111C",305.57648965745,0.403986056957072,0.0427083665634675,9.45917836395644,3.1037235626597e-21,2.19881713568857e-20
"YMR112C",241.584526873791,0.249250757897287,0.054165008978087,4.60169328132344,4.19070019291409e-06,1.02371543419943e-05
"YMR113W",425.558161478505,0.105350538256328,0.0354127012577841,2.97493652035851,0.00293049183314254,0.00521439558204541
"YMR114C",433.881686554252,0.554830887354765,0.0497621500087173,11.149656661892,7.18831939087615e-29,7.58411795856396e-28
"YMR115W",473.434712786013,0.291562989234051,0.0399445629637497,7.29919086857073,2.89503392450925e-13,1.25646298843528e-12
"YMR116C",25794.4303617686,-0.41675909557252,0.077433946839761,-5.38212389502689,7.36120683735485e-08,2.10727181998186e-07
"YMR117C",43.5533483623109,-0.333989153731006,0.0955038946738941,-3.497126005923,0.000470299634485657,0.000928318848099522
"YMR118C",68.8432868748864,-0.0586071776662601,0.0745343811046286,-0.786310650168134,0.431685514567122,0.504903089814315
"YMR119W",607.605846884649,0.0324399200152353,0.0659481068334882,0.491900701518886,0.622789542350585,0.689710258766275
"YMR119W-A",37.7905709435223,0.0794207809120118,0.148523965758188,0.534733775162702,0.592833962709837,0.660931010435096
"YMR120C",1928.11597263308,-2.42518627593957,0.17741950834834,-13.6692199100114,1.5504842888905e-42,2.63352627735252e-41
"YMR121C",1395.71439509659,0.104422611335942,0.0556481204025925,1.87648047374261,0.0605893334790783,0.0871589345467544
"YMR122C",205.812721495369,2.32214086876284,0.100159555853241,23.1844165939129,6.53986241555837e-119,2.9403734350736e-117
"YMR122W-A",8438.80572877541,-0.560569110739834,0.109495081953957,-5.11958254869889,3.06212713908043e-07,8.30941719516144e-07
"YMR123W",587.635081167422,0.0284735716107903,0.0486834973386693,0.584871119934387,0.55863437881557,0.629458786547471
"YMR124W",1246.77870963403,0.19185547272234,0.0381629625309285,5.0272688491323,4.97514625497778e-07,1.31782946045407e-06
"YMR125W",921.777658721701,-0.131472277076607,0.053718606255,-2.44742531949756,0.0143880939132721,0.0230927900208583
"YMR126C",236.13268057976,-0.0232528143661501,0.0467015119075598,-0.497902817625613,0.618552541257465,0.685962104031936
"YMR127C",131.607620257785,-0.153309931674779,0.0600039956066251,-2.55499538197172,0.0106189206801182,0.0173757267741516
"YMR128W",618.324416361997,-1.00842413411033,0.108294812054329,-9.31184158299682,1.25634806651515e-20,8.62667684908712e-20
"YMR129W",781.541970530068,-0.31623486251579,0.0496875726273399,-6.36446591761631,1.95970429478016e-10,6.91678083314147e-10
"YMR130W",336.824786814738,-0.238357916963561,0.0467108416135353,-5.10283927092618,3.34595164701957e-07,9.03328154625102e-07
"YMR131C",1306.7751423245,-0.739214324394064,0.0762316554150722,-9.696947027703,3.10655034153872e-22,2.33551473217977e-21
"YMR132C",72.8492571000713,-0.585925956188897,0.0848026372799947,-6.9092893214433,4.87087655431803e-12,1.93011289269319e-11
"YMR133W",116.489727454677,0.837967876328855,0.0660351941480226,12.6897162511628,6.74296282417159e-37,9.50509042366319e-36
"YMR134W",285.119031109899,0.292521772462276,0.0585640530712871,4.99490313804278,5.8865304608716e-07,1.54909881562111e-06
"YMR135C",1687.67348703851,0.24290603375127,0.053307154631647,4.55672480419848,5.19574259462523e-06,1.26027903062154e-05
"YMR135W-A",33.344325303468,1.02003742857094,0.134644328482452,7.57579201491485,3.56943260074024e-14,1.64571895847803e-13
"YMR136W",1557.74342711636,-0.695234835529658,0.0456255340053587,-15.2378454452282,1.9830241827811e-52,4.30322503260289e-51
"YMR137C",192.6931080462,0.253954393393355,0.0496255510163132,5.11741206278744,3.09756401515725e-07,8.40226453480548e-07
"YMR138W",190.810550136512,-0.0768861392305391,0.0623747782730247,-1.23264789646218,0.217707158965105,0.277078176969649
"YMR139W",818.204794321638,0.139235572706654,0.0463981475370597,3.00088645986226,0.0026919491913531,0.00481861006695758
"YMR140W",518.060598821705,-0.0122303683799765,0.0398660576705185,-0.306786501967589,0.759005883031489,0.809216687845671
"YMR141C",143.159638813683,0.699063994329285,0.0656166378436832,10.6537612608962,1.67459159027151e-26,1.59550076862572e-25
"YMR141W-A",26.5937517456458,-0.113491550516178,0.12373318353203,-0.917228081234965,0.359023134738151,0.431316825683503
"YMR142C",11225.1599746834,-0.342554266754689,0.054904100189758,-6.23913816219122,4.3998825428478e-10,1.51409664893697e-09
"YMR143W",7974.30229686476,-0.202079554820914,0.0430315250687062,-4.69608164010603,2.65199580525692e-06,6.58832760720922e-06
"YMR144W",209.906107505911,0.608907716733212,0.0547818745549645,11.1151310845027,1.05895000497659e-28,1.10875450292754e-27
"YMR145C",2846.49229111664,-0.786717308899961,0.0326866255204357,-24.068477439132,5.34774821634858e-128,2.59064506903253e-126
"YMR146C",5253.39323928023,-0.186598001451652,0.0627573846814814,-2.97332341681718,0.00294593860794313,0.00523917054913153
"YMR147W",96.1196266288341,0.421050975163381,0.0768782289898539,5.4768558107517,4.32949721538138e-08,1.26842467396118e-07
"YMR148W",322.900506829875,0.671300488974529,0.059293575340868,11.3216395725059,1.02536043018504e-29,1.12495285474368e-28
"YMR149W",1725.11922910746,-0.0459213318795565,0.0286955302877485,-1.60029563555975,0.109533014622766,0.149410590440216
"YMR150C",447.182123759386,0.234240990946375,0.0586525146308746,3.99370755747735,6.50480852453714e-05,0.000141067395461195
"YMR151W",25.4353110249149,-0.194127887479067,0.134462680101337,-1.44373061233617,0.148814766875528,0.196902631532363
"YMR152W",778.179350050439,-0.201668005951594,0.0555240268493437,-3.63208537627845,0.000281140069206229,0.000568144105778393
"YMR153C-A",20.4861447068178,0.290926048498885,0.12038742547211,2.41658169329556,0.0156670101573618,0.0250054206200677
"YMR153W",300.005099711795,-0.236488176110585,0.0483722914814148,-4.8889181981682,1.01391613659077e-06,2.61519651428868e-06
"YMR154C",195.33679760636,-0.287126687987114,0.0435397025079477,-6.59459462164911,4.26419382218372e-11,1.58473199907087e-10
"YMR155W",415.080502643666,0.126441539451058,0.0404806012585622,3.12350942228936,0.00178708143253695,0.00326516153371094
"YMR156C",173.696711053752,0.253535036554109,0.0634328913678903,3.99690178213204,6.41769125342761e-05,0.000139309871039219
"YMR157C",322.006547539738,-0.184324285920652,0.0360227176725134,-5.11689005800075,3.10614551388875e-07,8.4222211233901e-07
"YMR158C-A",68.9860236158398,0.56429008539213,0.0845419983951237,6.67467171469982,2.47786199193118e-11,9.3347276245863e-11
"YMR158W",275.387208950066,-0.507465568958911,0.0552134758531618,-9.19097305716628,3.89303597697634e-20,2.60254562542471e-19
"YMR158W-B",0.50945607695758,-1.20726105915338,0.730637225181997,-1.65233992677099,0.0984652743246503,0.136039891962095
"YMR159C",5.63972554836765,0.0534356996241109,0.252879177412558,0.211309211659343,0.832645995348474,0.872205238617657
"YMR160W",406.583290306681,0.0787166773496676,0.0473889170410918,1.66107778494729,0.0966978254718313,0.133759167790213
"YMR161W",469.609305076408,-0.000184799966507276,0.0474664130202709,-0.00389327852577265,0.996893621020933,0.997939522276479
"YMR162C",845.410765638354,0.0756788156771959,0.0375161037790963,2.01723548166971,0.0436709449463835,0.0646048237174563
"YMR163C",265.622866391689,0.451827595275913,0.049669037554599,9.09676566169091,9.30618671075923e-20,6.05650505045532e-19
"YMR164C",374.124321466257,0.0689804206396597,0.0597923274645741,1.153666759009,0.248636817003604,0.311089971656565
"YMR165C",686.937151882429,-0.058309908414716,0.0442527579030476,-1.31765591971614,0.187618856972481,0.242965006986765
"YMR166C",273.378244167579,-0.150279485838503,0.0448857170443158,-3.34804690075758,0.00081383237384168,0.00155251051016553
"YMR167W",281.926586972345,-0.268010943714126,0.0520350171900464,-5.15058816518261,2.59670827422788e-07,7.09120929671044e-07
"YMR168C",241.328419063656,-0.215747757952076,0.0427855278279241,-5.04254052491244,4.59391423543699e-07,1.22249655804917e-06
"YMR169C",270.527102059537,0.304776129060422,0.0434519873204308,7.01408952398176,2.3145116864094e-12,9.38216021850928e-12
"YMR170C",328.667258830247,0.271296060870908,0.0641806906690757,4.22706670873561,2.36757493459448e-05,5.37687288711636e-05
"YMR171C",933.339093991882,-0.0629312543725722,0.0385959401056658,-1.63051487281518,0.102992724439343,0.141669056472354
"YMR172C-A",11.1726821491825,0.479171365131522,0.166542284698127,2.87717540323205,0.00401252488754697,0.00698965781246787
"YMR172W",445.959215047758,0.27138521509166,0.0514629764747601,5.27340689718482,1.33914203695729e-07,3.74165640626692e-07
"YMR173W",267.316621171625,-1.84918579244715,0.076781187841674,-24.0838393417441,3.69205829419277e-128,1.80125312097532e-126
"YMR173W-A",94.9590893793368,-0.549487388349658,0.095074203874542,-5.77956339318655,7.48947304293542e-09,2.31655058733601e-08
"YMR174C",119.142451160547,1.11902292369557,0.111699949811399,10.0181148298186,1.26900280981308e-23,1.03922265817907e-22
"YMR175W",24.4655931163792,0.83225279565092,0.121977656365093,6.82299382076907,8.91624926378795e-12,3.45938402062026e-11
"YMR175W-A",7.81763592239616,0.382530940867993,0.213306626432585,1.79333829082376,0.0729188482696363,0.103317972656401
"YMR176W",407.706205595362,0.0404317792458141,0.0453525957134126,0.891498680721747,0.372661699004864,0.445677995037285
"YMR177W",344.157538844147,-0.705515009539843,0.0629793319909629,-11.2023260208774,3.97166331543119e-29,4.23582510803894e-28
"YMR178W",792.619567887199,0.102492901243787,0.034084483178579,3.00702524098124,0.00263817856405338,0.00472728063092555
"YMR179W",261.50713413578,0.418295324741305,0.0517744173358382,8.07918941951592,6.51986874593925e-16,3.35453830241706e-15
"YMR180C",326.269492839823,0.156093454972796,0.0557042770107905,2.80218079022118,0.00507584200013661,0.00871610512205185
"YMR181C",664.7314935032,0.130262777484136,0.0529014633664607,2.4623662408311,0.0138023645301305,0.0222305000240617
"YMR182C",331.506255701392,-0.45724285715567,0.0849214810279087,-5.3843014938164,7.27265144489251e-08,2.0836555305879e-07
"YMR182W-A",9.70375511639667,-0.497748737064719,0.176860245479228,-2.81436190318518,0.00488741716840654,0.0084198704486523
"YMR183C",1380.90610248797,0.177231859544223,0.053470891018193,3.31454846121644,0.000917912673422648,0.00173852458162841
"YMR184W",292.043514924753,0.337430763319235,0.0504703684066007,6.68572023490726,2.29791651182992e-11,8.67249302711752e-11
"YMR185W",191.437301949482,-0.161157937416626,0.0944757643789935,-1.70581247451075,0.0880429997894723,0.12272498390107
"YMR186W",11934.0355549411,-0.369333175271196,0.0495008374097912,-7.46115004507262,8.57705079123589e-14,3.87149162683148e-13
"YMR187C",112.667269842391,-0.272229700825953,0.0639588063854525,-4.2563286623165,2.07811155968314e-05,4.74140279239148e-05
"YMR188C",320.23351515949,-0.180884044236483,0.0607234098090929,-2.97881895639855,0.00289361693209006,0.0051527804493522
"YMR189W",470.260927167096,-0.904196242776221,0.169133168610053,-5.34606103703349,8.98889068102658e-08,2.55093147668242e-07
"YMR190C",496.100600787046,0.106429298193794,0.0406860090173479,2.61586969978831,0.00890005139849601,0.0147609175255233
"YMR191W",585.174298315276,0.76802790857391,0.0637124719760983,12.0545928411322,1.834367199105e-33,2.34111539195608e-32
"YMR192W",438.26124129909,-0.339281556261721,0.0639112362620703,-5.30863704263965,1.10448025680067e-07,3.108723275995e-07
"YMR193C-A",63.7246459392113,0.123956390098433,0.149661545641323,0.828244754303857,0.40753190293148,0.481189831834132
"YMR193W",264.983759283559,-0.071283149957137,0.0815005376273087,-0.874634107116023,0.381773023549205,0.454756126232898
"YMR194C-A",37.6933312495896,0.719032756634293,0.10466220040091,6.87003286649841,6.4187114255641e-12,2.52022351007166e-11
"YMR194C-B",154.725492863555,0.664263172363528,0.0920531636893371,7.21608194374825,5.35068219846796e-13,2.26089329504061e-12
"YMR194W",2568.79247504056,-0.171244035274068,0.0453293297715536,-3.77777558452965,0.000158235365216865,0.000328554505682709
"YMR195W",918.340342856724,-1.4686613902807,0.0780619903064008,-18.8140397716745,5.79488660272801e-79,1.89823928286505e-77
"YMR196W",1669.99420884191,0.297599181662819,0.0867116052246046,3.43205711498436,0.000599021389530229,0.00116534732425861
"YMR197C",876.169415873614,0.0876525741269505,0.0736141751440005,1.19070238789593,0.2337704401716,0.294740993024274
"YMR198W",328.793354863727,0.35693822925391,0.035713265249606,9.99455599366815,1.61007147726663e-23,1.30149021058956e-22
"YMR199W",778.531943558583,-0.815793397635273,0.0502691886150931,-16.2284974178066,3.17127742262155e-59,7.79114906793346e-58
"YMR200W",1457.53604612541,0.311207744703648,0.0376565134444345,8.26438021573248,1.40422383498343e-16,7.53483288677928e-16
"YMR201C",302.129000805438,0.555400822300434,0.0330282823475669,16.8159160217833,1.86586026105751e-63,4.89895142588343e-62
"YMR202W",4307.71472934515,0.0906212164190064,0.0742541431010734,1.22041966460584,0.222305826510007,0.281887885817943
"YMR203W",2085.08666261045,-0.112742199813915,0.0257561131209471,-4.37729867408536,1.20159264780235e-05,2.81148157286815e-05
"YMR204C",218.800779114735,0.058518903272544,0.0429383572441911,1.36285845636213,0.172927123762458,0.225638407504163
"YMR205C",8018.39788562158,-0.370551145159227,0.0544997468887073,-6.79913515774525,1.05249042950232e-11,4.06289655698455e-11
"YMR206W",278.674147872323,0.459108502775944,0.13791387376053,3.32895081732769,0.0008717379689811,0.00165380184462796
"YMR207C",512.732268711878,0.0949051551009033,0.0606372427655795,1.56512979107249,0.117552479564444,0.159181792701538
"YMR208W",960.570974351003,0.204491389301072,0.028637769568123,7.14061857417463,9.29118423401402e-13,3.87123297067126e-12
"YMR209C",411.255834998219,-0.151389228455269,0.0474556921526785,-3.19011738293073,0.00142215017171574,0.00263480101059136
"YMR210W",644.779314384292,-0.106685386541235,0.0301276107687688,-3.54111673043214,0.000398437261185063,0.000792794841005614
"YMR211W",217.464366804163,-0.356445437790629,0.056211991055814,-6.34109255152886,2.28141427866849e-10,8.002982571627e-10
"YMR212C",762.255584735848,-0.283347964732339,0.0552352859449782,-5.12983611625713,2.89994536143032e-07,7.88798898429386e-07
"YMR213W",396.640575466169,-0.0709662510275188,0.0438749551002875,-1.61746606612604,0.105777714847458,0.145035858169357
"YMR214W",1013.92373691727,0.0294948034728261,0.0401120375605423,0.735310526878836,0.462150398564543,0.535396238696941
"YMR215W",1216.02780132248,-0.587797832357119,0.0495138979609125,-11.871370596214,1.6671373036676e-32,2.02619037313241e-31
"YMR216C",769.456098155829,-0.30009602727386,0.0367141051643789,-8.1738619511561,2.98671546719091e-16,1.57196753625144e-15
"YMR217W",3559.62154166683,-0.601732081152087,0.0622435200651445,-9.66738514342231,4.14841895526417e-22,3.08841709883791e-21
"YMR218C",450.410781637081,-0.247474541375434,0.0556049706078109,-4.45058308043906,8.56374550997441e-06,2.032781413496e-05
"YMR219W",919.059880750251,-0.0549247203679058,0.0583131570361741,-0.941892416043153,0.346247723335562,0.41735379162876
"YMR220W",830.406340947548,-0.430303633679118,0.0363213879513569,-11.8471142748014,2.22729269922855e-32,2.69271467100056e-31
"YMR221C",647.664701573835,-0.0610815206907662,0.0284823701216609,-2.14453784674027,0.0319898163095608,0.0485350565490668
"YMR222C",450.229712743116,0.146917383291564,0.0446108605669914,3.29330977758073,0.00099015316339404,0.00186748344773323
"YMR223W",217.026640706297,-0.529679139589687,0.0767841645196435,-6.89828616230082,5.26336416654674e-12,2.07607122142632e-11
"YMR224C",372.760615867135,0.0183932618243598,0.0380504765059471,0.483391103432963,0.628818063896338,0.694881841211713
"YMR225C",403.638599014357,-0.0323656506813555,0.0692581331068231,-0.467319132489971,0.640271569988294,0.705046923315107
"YMR226C",2118.92394796407,0.339445820074793,0.0469577230811529,7.22875381943368,4.87446114503638e-13,2.06856373946362e-12
"YMR227C",533.585613527032,-0.0269254532328292,0.0583390024315248,-0.461534344273933,0.644415286970954,0.708457612078926
"YMR228W",121.18367008312,-0.0941625644984721,0.0539602391127724,-1.74503608669487,0.0809785875885794,0.113684021228946
"YMR229C",1370.17127132256,-0.851354051056439,0.104649939502367,-8.13525602694862,4.11068678960784e-16,2.14547909148045e-15
"YMR230W",5037.6119650426,-0.37785566220008,0.0653364400676697,-5.7832300291955,7.32797495478973e-09,2.27170525975658e-08
"YMR230W-A",22.659730384262,-0.0846061786227866,0.183889670681734,-0.460092066667617,0.645450138233841,0.709160118337421
"YMR231W",460.060743337957,-0.0706470242168401,0.0433832730960114,-1.62843923879352,0.103431783151754,0.142187697102501
"YMR232W",47.4172960189119,0.116961897007363,0.129267994154373,0.904801670146493,0.365570466718266,0.437730067981714
"YMR233W",210.277320467833,-0.176296975782927,0.0658875753195033,-2.67572413961244,0.00745679935708449,0.0125141065570589
"YMR234W",378.1917575506,-0.173684434766619,0.0499756380567002,-3.47538203653475,0.000510126294745712,0.00100118652826127
"YMR235C",1643.67737139466,-0.325091165933372,0.0524456305591053,-6.19863203984172,5.69560126423104e-10,1.93960599488343e-09
"YMR236W",1152.79100590663,0.384877284242045,0.0871767149315359,4.41490923974719,1.01052377996242e-05,2.37817074319586e-05
"YMR237W",1098.19956584241,-0.132554998363134,0.0345952251706911,-3.83159808063437,0.00012731360118119,0.000266521686708889
"YMR238W",2169.42166737653,0.405853755456055,0.0840435014898675,4.82909146169957,1.37157403529958e-06,3.49187927047586e-06
"YMR239C",166.306734042427,-1.08966912216582,0.143567559819012,-7.58993970183453,3.20054391604044e-14,1.47762024150619e-13
"YMR240C",269.934748027071,0.3549536290707,0.0514134459610613,6.90390660333347,5.05915687245304e-12,2.00126165184615e-11
"YMR241W",1133.6313094264,-0.161326035342561,0.0540989359769831,-2.9820556066241,0.00286319988877434,0.00510125667829026
"YMR242C",6732.34043002259,-0.427722500029366,0.0417548626305099,-10.243657219383,1.26367313766648e-24,1.08932424987565e-23
"YMR242W-A",3.86066415825426,-0.660837989507308,0.267261676873143,-2.47262532076748,0.0134124678863867,0.0216379846600503
"YMR243C",2009.2502270531,-0.0792696602240315,0.0276947681361174,-2.86226119801502,0.00420630102232021,0.00730132342481471
"YMR244C-A",51.420345121935,1.32312598785815,0.0902557798733387,14.659736913414,1.16724345281955e-48,2.28759763873096e-47
"YMR244W",76.5572661430314,2.09671336973366,0.0987289468864996,21.2370681128006,4.34155990834197e-100,1.70660517768482e-98
"YMR245W",152.085259129407,0.335845807182136,0.0822354702384012,4.08395314343696,4.42759624199727e-05,9.77139382377261e-05
"YMR246W",5356.72287437079,-0.444987070787421,0.0788505912374365,-5.6434208520703,1.66704180619757e-08,5.02303135559925e-08
"YMR247C",510.399400947167,-0.263448631333756,0.0617941884404857,-4.26332375232154,2.01408372624e-05,4.60295081488537e-05
"YMR247W-A",33.995030008188,0.202029685652054,0.108214870078781,1.86693090797018,0.0619112369841812,0.0888561233495061
"YMR250W",1020.01289067122,-0.90484702777936,0.122073003278768,-7.41234346232177,1.24086883042645e-13,5.50705592548614e-13
"YMR251W",173.754108897377,-0.141778592738708,0.087813133577663,-1.61454883754168,0.106408432628741,0.145747768455299
"YMR251W-A",3317.31344249421,-0.623268009993471,0.127135497249165,-4.90239172755951,9.4676800216331e-07,2.44750736072206e-06
"YMR252C",344.422688149667,0.62961634223995,0.0469589396421094,13.4078057775256,5.44253610426901e-41,8.89292300742673e-40
"YMR253C",373.540174783502,0.108849456318434,0.0354989555401144,3.06627208215837,0.00216745982815923,0.00392470549036781
"YMR254C",27.6990778461488,0.653155794235983,0.106477225561059,6.13423002707214,8.55726269612057e-10,2.8631036034345e-09
"YMR255W",590.136104519306,0.222798632067962,0.0635186792850188,3.50760807019031,0.00045215465878282,0.000895071049717128
"YMR256C",350.639267777931,0.675748857548733,0.0727695025027586,9.28615469815966,1.59963150881431e-20,1.09057137256032e-19
"YMR257C",217.399120450631,-0.190758811637545,0.0654292007890924,-2.91549964445456,0.00355119511607828,0.00623816935738062
"YMR258C",699.009010534846,-0.297086029993076,0.0273875830632984,-10.8474716190344,2.05018242834034e-27,2.0321620928751e-26
"YMR259C",385.493979954083,-0.53931469928623,0.107115873149661,-5.03487189552855,4.78168498885177e-07,1.27049868823142e-06
"YMR260C",2866.41138656879,-0.464426933739668,0.0426594772896064,-10.8868407033393,1.33180469459918e-27,1.32582988337884e-26
"YMR261C",1951.27569791695,-0.129490559689204,0.0500151469045613,-2.58902687892324,0.00962475814201103,0.0158888195965668
"YMR262W",691.74479177774,0.00379289940222652,0.0687323262160129,0.0551836320846489,0.955992168768507,0.966956348913183
"YMR263W",486.931144292681,-0.0757619777479784,0.047061584704057,-1.60984756940085,0.10743113743249,0.146834650188377
"YMR264W",1075.35048160115,0.45732285706881,0.0494506987691347,9.24805651794457,2.28611456305065e-20,1.54785256685289e-19
"YMR265C",690.055148437847,0.515089338021883,0.031027824810706,16.6008845661702,6.86714192727258e-62,1.77590486156797e-60
"YMR266W",1514.95897477827,-0.596134380798124,0.0393044670105065,-15.1670898027639,5.84097774833048e-52,1.25956382228105e-50
"YMR267W",429.677109247294,-0.421939505078672,0.0324130985990561,-13.0175615203589,9.72264203853764e-39,1.46350228847047e-37
"YMR268C",157.512795874833,-0.342907943656639,0.0858772584978616,-3.99300058775371,6.52424066871448e-05,0.00014139965834936
"YMR269W",263.325449183965,-0.516150524270135,0.100043670801444,-5.15925215593631,2.47938199163563e-07,6.78967703840029e-07
"YMR270C",456.287508491471,0.161186116736674,0.0332693406556201,4.84488461629447,1.26685280205687e-06,3.23364765319081e-06
"YMR271C",189.234357340092,0.602002576045382,0.0759950698696843,7.92160040220623,2.3447281101672e-15,1.15209890498858e-14
"YMR272C",1280.79999201072,-1.36902907054432,0.0534554141616999,-25.6106718470665,1.16029912250553e-144,6.38535813097246e-143
"YMR272W-A",0,NA,NA,NA,NA,NA
"YMR272W-B",14.2730049380251,0.282858178372086,0.178964748849716,1.58052454570041,0.113986790245106,0.154932845306478
"YMR273C",847.487413971195,0.103340800797015,0.0567754613963148,1.82016663987379,0.0687336317286984,0.0978110576461969
"YMR274C",193.953678438926,-0.211669307245297,0.056080711042389,-3.77436917811732,0.000160413060090167,0.000332574273767408
"YMR275C",938.960610221921,0.150543992030132,0.0397489905750737,3.7873664174138,0.000152252491687789,0.000316322830057474
"YMR276W",4506.29720169153,0.239522907828823,0.0837471644282266,2.86007185394439,0.00423545030791822,0.00734635972470233
"YMR277W",848.244687032423,-0.127718827419954,0.0496203716741694,-2.57391920114214,0.0100553752604223,0.0165173656905699
"YMR278W",599.742410132223,-0.18030279173026,0.051559921604115,-3.49695628156017,0.000470598947915702,0.000928643190680469
"YMR279C",142.635518014692,-0.470335442196004,0.0564354860700947,-8.33403723344976,7.81313372264076e-17,4.25546689454044e-16
"YMR280C",540.226707437354,1.16283585682385,0.0717300914032508,16.211269692752,4.19805106117724e-59,1.02770082739638e-57
"YMR281W",543.155774223332,0.24458544033484,0.0369778573925305,6.6143756718648,3.73123092746499e-11,1.39192719902558e-10
"YMR282C",297.961372487521,0.0159302679202889,0.0363110579261909,0.438716711385005,0.660866816663521,0.722865770683473
"YMR283C",232.027407266143,-0.0895236394658737,0.0405568972967466,-2.20735917767198,0.0272889759748396,0.0418459352944541
"YMR284W",307.957966334835,0.171309179279461,0.0769530504693368,2.22615189696375,0.0260040087550189,0.0400272043467834
"YMR285C",495.825182762814,-0.0380784206522317,0.0550477569294049,-0.691734282671405,0.489104213438384,0.562351309417122
"YMR286W",343.737149217685,-0.199062586270367,0.0441274066977566,-4.51108735289642,6.44961517620667e-06,1.54696313797509e-05
"YMR287C",266.256817200836,-0.12082945593734,0.0375220660219703,-3.22022395745989,0.00128090486249848,0.00238789825179594
"YMR288W",359.902349234345,-0.244804929399727,0.0499520130128091,-4.90080208252973,9.54461736380168e-07,2.46646967864732e-06
"YMR289W",491.29965959528,-0.251867099000954,0.0364993411509666,-6.90059302602737,5.17858959383702e-12,2.04732861011522e-11
"YMR290C",1100.54146358379,-0.572077807262289,0.0901924979369892,-6.34285356706671,2.25547796249193e-10,7.92007805205819e-10
"YMR290W-A",0.84250928215282,1.03220593102452,0.593349468072355,1.73962561115611,0.0819247791121129,0.114965433601025
"YMR291W",1831.36120373268,-0.905048670712484,0.0571333635789149,-15.8409835167922,1.62262931137326e-56,3.72068901097889e-55
"YMR292W",307.991194149483,0.302219921540843,0.112289274835303,2.69144067395676,0.00711441505852692,0.0119657851314442
"YMR293C",188.223781735786,-0.00188881125699593,0.0462260041241961,-0.040860361884649,0.967407217673116,0.976062518388583
"YMR294W",243.811673771104,0.322493996322597,0.03755284521493,8.58773801230866,8.86982406025692e-18,5.09311516782198e-17
"YMR294W-A",82.9853652278104,0.276005726452101,0.159511534994178,1.73031828991035,0.083573423536596,0.117087898270518
"YMR295C",1952.37238827968,0.102718952973096,0.12377123632986,0.829909727162631,0.406589824834218,0.480407317937923
"YMR296C",2771.60520892931,-0.17449490178735,0.057708218091389,-3.02374440865619,0.00249667269646984,0.00448774796943194
"YMR297W",7189.16812578532,0.233148204841404,0.0710731471979371,3.28039792851851,0.00103660766252401,0.00194946555289776
"YMR298W",728.781880113011,0.354523750432547,0.0418480825352068,8.47168445852416,2.41869593330529e-17,1.3505040036694e-16
"YMR299C",255.462345034762,-0.0116053760658001,0.0498645364436544,-0.23273807185421,0.81596480381167,0.857997842467209
"YMR300C",1093.69311245513,-1.19442003504974,0.0959076633648993,-12.4538539793774,1.33251821769911e-35,1.81872873403812e-34
"YMR301C",754.363053200294,0.30219299485089,0.0457643171144569,6.60324492759508,4.02254128194823e-11,1.49816250560487e-10
"YMR302C",969.129455299191,0.40500410030572,0.0380129717288645,10.6543656516648,1.66375038269208e-26,1.5873701640137e-25
"YMR303C",17550.3332575056,-0.494018814481409,0.123251231456972,-4.00822619491536,6.11765120840816e-05,0.000133048759603666
"YMR304C-A",215.964609866894,0.266946447473349,0.117987225022551,2.26250297371031,0.0236663453197143,0.0366999074513785
"YMR304W",924.522867540936,0.260882481054812,0.0571436701553739,4.56537846353711,4.98593995697621e-06,1.21195339095545e-05
"YMR305C",3991.32517675743,-0.147244305272623,0.0624816658635811,-2.35660018403011,0.0184430920103779,0.0290786224935571
"YMR306C-A",1.96914595655937,0.767833231525292,0.379401280293837,2.0238024261031,0.0429904845045816,0.0636666400230392
"YMR306W",170.702245439105,-0.216015639877934,0.054024229448187,-3.99849552847595,6.37463851391342e-05,0.000138418997276548
"YMR307C-A",0,NA,NA,NA,NA,NA
"YMR307W",10306.832629892,-0.569650914139185,0.0478536353491703,-11.9040258902517,1.12772493305476e-32,1.38528925258637e-31
"YMR308C",1779.05324043743,-0.660523921107445,0.0591521386384851,-11.1665264572142,5.94609176288565e-29,6.31221685754481e-28
"YMR309C",1126.62477971712,-0.881422192899508,0.078585594190974,-11.216078493439,3.40016049500856e-29,3.63759005368023e-28
"YMR310C",270.358396869331,-0.787017160021376,0.0958553621461948,-8.21046566827476,2.20332301616475e-16,1.16949529538559e-15
"YMR311C",1981.3287033301,0.22747671928177,0.0424490552728526,5.35881700592869,8.37686490117417e-08,2.38314531245563e-07
"YMR312W",317.574287939936,-0.454480450729909,0.0566691703598539,-8.01988890685924,1.05840845919367e-15,5.35746268638207e-15
"YMR313C",619.397904476575,0.0528371770696475,0.0321349250764329,1.64422904189054,0.100128900153592,0.137922848249211
"YMR314W",2599.09257973185,0.108461961505774,0.0371401145881691,2.92034536534047,0.00349643668058645,0.00614511699687127
"YMR315W",1912.40877185026,-0.050243067856474,0.0734508934488004,-0.684036170254299,0.493952325979007,0.567261778031651
"YMR315W-A",16.3480867781334,1.10339520006006,0.149449975589121,7.3830403498599,1.54715112496946e-13,6.84868248948838e-13
"YMR316C-A",17.1980728245108,-0.592491310117114,0.172241563065018,-3.43988581834606,0.000581959650743961,0.00113326106777047
"YMR316C-B",10.1471364309461,1.10811529167653,0.175588996777929,6.31084698933603,2.77512461910216e-10,9.65120437553272e-10
"YMR316W",675.032463423096,-0.774171664847809,0.121807341648644,-6.35570610416017,2.07471362813919e-10,7.30396880653505e-10
"YMR317W",426.1662776931,0.186355646808614,0.0675613146777039,2.75831883523299,0.00580994994805482,0.00990499273672098
"YMR318C",3549.96812542829,-0.154161945930237,0.0704755521968352,-2.18745282760848,0.0287094832844837,0.0438872301142141
"YMR319C",2666.11969788255,-0.828190298218473,0.047315507618416,-17.5035699690164,1.34564240404504e-68,3.79371889238764e-67
"YMR320W",82.2486232102962,-0.209300352101565,0.0959407701990524,-2.18155797235441,0.0291421715147772,0.0445091025422185
"YMR321C",303.528108879404,-0.227067255333576,0.0619374049164251,-3.66607634982395,0.000246300417709756,0.000499941154743408
"YMR322C",4.03714678896337,0.720817093640146,0.272980637982385,2.64054292995922,0.00827733051255214,0.0137935456869782
"YMR323W",15.2541539982207,1.79267956739964,0.161559200869836,11.0961155895043,1.31015089634988e-28,1.36346868623159e-27
"YMR324C",0.569400009278394,1.99703595853758,0.631532196047373,3.16220767687952,0.00156577853706816,0.00287917416639719
"YMR325W",8.19619834235121,0.756673278636865,0.221117829181753,3.42203648361119,0.000621539729853841,0.00120472578237942
"YMR326C",0.0170647024823914,-0.287898914598924,2.9566127034175,-0.0973745780995078,0.922428932511171,0.941731764135403
"YNL001W",368.590461274325,-0.201280269440578,0.0858463424207743,-2.34465748644254,0.0190445657465333,0.0299925750390115
"YNL002C",849.197090471313,-0.918381241679694,0.11638006448984,-7.89122471881657,2.99235272863393e-15,1.46092224416415e-14
"YNL003C",724.506391874809,0.29594144471911,0.0420269129301012,7.04171265710896,1.89891118788857e-12,7.76150330450712e-12
"YNL004W",1383.20350381778,-0.0121026873242134,0.03769963289335,-0.321029315018829,0.748188175555899,0.800060074560708
"YNL005C",733.670893455811,-0.0453810033781386,0.0455156425362521,-0.997041914589994,0.318744165308522,0.388421809239562
"YNL006W",632.324373274969,-0.00373500135994587,0.0554193068095945,-0.0673953099553972,0.946267002815157,0.958952668291907
"YNL007C",2195.25442402222,-0.39270549484545,0.0869679410499825,-4.51552020324078,6.31615243274773e-06,1.51759736587047e-05
"YNL008C",491.749327269085,0.141592381409664,0.0429430115996781,3.29721591791492,0.000976484015212818,0.0018428624254181
"YNL009W",156.110002289666,0.397806681739005,0.0733860519143214,5.42073965504298,5.93529449497088e-08,1.71622071588502e-07
"YNL010W",1904.8041680731,-0.072567141042928,0.037924886171315,-1.9134438720561,0.0556912524737618,0.0807887232743583
"YNL011C",405.984756395044,0.0498397671773955,0.0462795993407773,1.07692736945286,0.28151271466738,0.348170795432741
"YNL012W",96.8436501928535,-0.594148200273117,0.0826017079360685,-7.19292875557695,6.34160379353727e-13,2.6664970963168e-12
"YNL013C",1.12761879208448,0.201594734350663,0.536484901035016,0.375769632960286,0.707088165428247,0.76478922798442
"YNL014W",157.13888619166,0.36185512619153,0.0621703988741714,5.82037646121427,5.87152279035522e-09,1.83341830571283e-08
"YNL015W",514.042546797119,-0.205530195396343,0.140769907481859,-1.46004354959763,0.1442781054423,0.19178533088649
"YNL016W",2498.33943320244,-0.393298871817909,0.0483727638945263,-8.13058506798312,4.27223367888864e-16,2.22641632402083e-15
"YNL017C",4.02945419921727,0.561164440232964,0.261571717304655,2.1453559506182,0.0319243981775851,0.0484571789637264
"YNL018C",36.5423061771992,-0.651310930972398,0.0903165958864939,-7.21142027751952,5.5371262999135e-13,2.33680317896349e-12
"YNL019C",89.1989681722146,0.21697504181589,0.0793897491903149,2.73303599052507,0.00627534747268506,0.0106351602031536
"YNL020C",670.481936968983,-0.048073441135921,0.0463252983160514,-1.03773624527883,0.299392865659531,0.367969184004272
"YNL021W",456.107974465665,-0.269481485514897,0.0501128827235874,-5.37748919776383,7.55317432896681e-08,2.16042770099637e-07
"YNL022C",323.637049341166,-0.409123672219594,0.0803040696233457,-5.0946816785068,3.49327701057068e-07,9.40518691026056e-07
"YNL023C",540.319766661022,-0.444216501653036,0.0875942325074995,-5.07129851973991,3.95110426215868e-07,1.05757378285563e-06
"YNL024C",259.067788621133,-1.40690814717049,0.0872797627092659,-16.1195230543533,1.86039521956228e-58,4.44363149839198e-57
"YNL024C-A",517.625831719225,0.299902154914313,0.0524602883519548,5.71674621577138,1.08583096532465e-08,3.31238634610565e-08
"YNL025C",308.219887520354,-0.163701856949718,0.0509771901832457,-3.21127658000108,0.00132146682150264,0.00245752102328107
"YNL026W",646.869725518821,0.0278557148647689,0.0297617009034544,0.935958430438218,0.349294591081598,0.420805164982541
"YNL027W",747.896551800334,-0.0825421632029391,0.0551135321694636,-1.49767507096329,0.134217691774623,0.179382844709079
"YNL028W",1.6475103164992,-0.750747913961407,0.397039122017918,-1.89086634623256,0.0586421878686721,0.0846233711660573
"YNL029C",339.903859300165,-0.184193093763695,0.0518849898111002,-3.55002659602121,0.000385192234381342,0.000768064272050787
"YNL030W",7561.41753272112,0.327034090731423,0.0361461071900301,9.04756047482829,1.46197919596833e-19,9.39902326080948e-19
"YNL031C",7536.39438091578,0.214074580936194,0.0723896660452351,2.95725332953495,0.00310392988473557,0.00549316534013275
"YNL032W",486.805212823241,0.0610448260176483,0.0330855069340947,1.84506243592542,0.0650284567486247,0.0930001567513076
"YNL033W",79.6253140546147,0.30868493609562,0.0778041131836454,3.96746294591153,7.26418018041891e-05,0.000156744966941975
"YNL034W",29.1641374555685,-0.390425718086109,0.0973085036418224,-4.01224665341897,6.01436104655783e-05,0.000130926549491365
"YNL035C",387.165917075864,-0.418048374967275,0.0332150968612747,-12.5860953142267,2.51825354427672e-36,3.50669354880153e-35
"YNL036W",949.01180007576,0.0490662741780803,0.101487637089828,0.48347045595959,0.628761732261456,0.694881841211713
"YNL037C",3615.01290922986,-0.153515036844866,0.0702742079233338,-2.18451465169618,0.0289244518437108,0.0441962026283622
"YNL038W",328.565036420535,0.0751456129942166,0.0608214782745446,1.23551112412976,0.216640338975873,0.275924623553978
"YNL039W",749.700877940564,0.239035516534253,0.0365056550379565,6.54790377780422,5.83502929862631e-11,2.14877765231533e-10
"YNL040W",238.603628225801,-0.974408976949292,0.0383632281097768,-25.399556423172,2.55048311826355e-142,1.39244233099484e-140
"YNL041C",591.332228899553,-0.0208171664425439,0.0458532723625715,-0.453995219314735,0.649832267703173,0.713063673557207
"YNL042W",529.532786864661,0.167407083655206,0.0520788054930863,3.21449545684051,0.00130673982717683,0.00243210586340622
"YNL042W-B",10.226844780825,1.13088140870647,0.183936792315992,6.14820664461563,7.83638980610541e-10,2.62702365868417e-09
"YNL043C",16.274491082686,-0.00142396198041258,0.230201064771643,-0.00618573151182047,0.995064531803996,0.997675107751011
"YNL044W",242.397635544935,-0.0288668496745953,0.0888237785597417,-0.324990111236709,0.745188555913743,0.797880910479274
"YNL045W",1107.37665854266,-0.0480965321857177,0.0422398546998568,-1.13865287954887,0.254847963490912,0.317993676918916
"YNL046W",463.462866404467,-0.00771348005993428,0.0547707774686009,-0.140832035191691,0.888002634848958,0.917478240481523
"YNL047C",368.282464264625,0.383873649223129,0.0352412064585175,10.8927499311066,1.24813545777913e-27,1.24433678464675e-26
"YNL048W",489.581982049987,-0.144932284784081,0.0518046079526048,-2.79767168427714,0.00514724037791354,0.00882769049106638
"YNL049C",636.092586778354,-0.187991119831145,0.0307358114012173,-6.11635454737661,9.57401911338724e-10,3.19397077987347e-09
"YNL050C",252.007924043419,0.0765332601665017,0.0928986210006494,0.823836342694115,0.410032554540776,0.483561450829076
"YNL051W",292.027510176851,-0.119893250221462,0.0562385335407464,-2.13187013730712,0.0330175237807765,0.0499291154293166
"YNL052W",1122.96956380313,0.325117834833669,0.0876359991945721,3.70986624014901,0.000207368778400559,0.000424929945373084
"YNL053W",434.683506503857,-0.0734742237954484,0.067015746905858,-1.09637252717131,0.272915781603011,0.338424000771963
"YNL054W",669.289250724502,0.0915928260331159,0.0447505570176595,2.04674158574096,0.0406834638099088,0.0605760925429356
"YNL054W-A",0,NA,NA,NA,NA,NA
"YNL054W-B",1229.29031562701,-1.95655702157421,0.0485739768332246,-40.2799430709969,0,0
"YNL055C",6289.60472168752,-0.0410754811429613,0.0952678444658778,-0.431157872556603,0.666353583027963,0.72747917753521
"YNL056W",786.269683922933,0.0147990111495229,0.0506907526736483,0.291946960125059,0.770327177725348,0.819023285250799
"YNL057W",2.20633036437598,0.324776177777196,0.347440221545839,0.934768508758698,0.349907611962155,0.421381474364722
"YNL058C",431.110094629823,-0.556321104584647,0.0564058653954504,-9.86282367417625,6.03284959526299e-23,4.6998836201375e-22
"YNL059C",1148.34507554774,0.0455421230682951,0.0365830978970248,1.24489520260117,0.213170274578483,0.27210954144097
"YNL061W",1344.25275688189,-0.554199842624618,0.08314151406693,-6.66574152328378,2.63332360524683e-11,9.89870660136226e-11
"YNL062C",267.906982542949,-1.06060178396489,0.0984859722070465,-10.7690644687468,4.81872551650681e-27,4.67531915769399e-26
"YNL063W",268.056663166111,-0.0124180702515792,0.0432396879338851,-0.287191486454917,0.773965704701134,0.822229231812077
"YNL064C",3566.27908116721,-0.794154090874182,0.0591074127391952,-13.4357782564143,3.73124801165004e-41,6.11125120765253e-40
"YNL065W",263.422935974569,-0.377425627560116,0.103932594498489,-3.63144622128723,0.000281837392893031,0.000569386028109005
"YNL066W",2499.14541032022,-0.285779966204367,0.0522339378428222,-5.47115492353479,4.47112226209858e-08,1.30824542922059e-07
"YNL067W",4545.0645267739,-0.430175611313639,0.085153351544624,-5.05177545581642,4.37722104029744e-07,1.16618526476399e-06
"YNL067W-A",0.69182355199595,0.0699265803975834,0.611004844015082,0.114445214440652,0.908884873483379,0.932749372623029
"YNL067W-B",0.113311342614123,0.000643891383712849,1.8131583912315,0.00035512142062532,0.999716654107228,0.999716654107228
"YNL068C",619.168871703991,0.00603823306793673,0.0616788628399663,0.0978979311535573,0.922013342797319,0.941731764135403
"YNL069C",8478.32578419824,-0.401836297640795,0.0422054624781668,-9.52095473065052,1.71595235797407e-21,1.23473182745854e-20
"YNL070W",360.945150714651,-0.292674952972649,0.0648938692584679,-4.51005551552095,6.48106627136374e-06,1.55288244098611e-05
"YNL071W",4900.64077776022,0.120701692825456,0.0631510940485322,1.91131594224949,0.0559639915458809,0.0810647079056885
"YNL072W",278.619224802674,0.224831258658318,0.0525422459456384,4.27905687341448,1.8768690451203e-05,4.31372608131726e-05
"YNL073W",1010.76957010161,-0.321977770249821,0.0492429694504331,-6.53855309383641,6.21168341725979e-11,2.27651413038519e-10
"YNL074C",1280.79493678204,0.146169317132555,0.0654909202033673,2.23190202059552,0.0256214393231822,0.03948250024735
"YNL075W",389.810764194645,-0.804273692605835,0.0957085030466833,-8.40336717223064,4.33855485288129e-17,2.39141977828289e-16
"YNL076W",782.489434533885,0.176784818038348,0.0443338593259111,3.98758016392733,6.67506529518627e-05,0.000144577374576783
"YNL077W",451.753969005243,0.124178416925352,0.048654178133855,2.55226625314107,0.010702469648877,0.0174957910443501
"YNL078W",762.925630452734,0.113085332343968,0.0628748291745504,1.79857876082693,0.0720853395620079,0.102200134139953
"YNL079C",4635.84820722006,0.283983678739073,0.0368351153296581,7.70959113871488,1.26221456502232e-14,5.95526336953945e-14
"YNL080C",831.642038982895,0.197683800244084,0.055034944398505,3.59196874648707,0.000328189216602385,0.000658388340917996
"YNL081C",653.40526181962,-0.0678081906429833,0.0478304850852718,-1.41767725169618,0.156285014528154,0.20607334003051
"YNL082W",209.498295790645,0.386101578328403,0.04490965964392,8.59729468870901,8.16172156448156e-18,4.69828306628189e-17
"YNL083W",348.897855611329,-0.0170220983171711,0.0346261254023428,-0.491596969611258,0.623004286134619,0.689786976391444
"YNL084C",1046.07507710268,0.133632524568685,0.0511361802984574,2.61326762751413,0.00896810455277396,0.0148582830487794
"YNL085W",1055.99672208984,-0.3420089339871,0.0592148386558711,-5.77573023502935,7.66200491787127e-09,2.36566121319733e-08
"YNL086W",113.613986050162,0.155219648884247,0.109043610671171,1.42346395106379,0.154601705151847,0.204049334178733
"YNL087W",1690.79943367033,-0.0358293076049275,0.0616164838831135,-0.581489000133402,0.56091092967042,0.63171353719758
"YNL088W",822.446695625883,0.108363377169534,0.0915280476255693,1.18393629035808,0.236438283245675,0.297668182731881
"YNL089C",11.1462194565532,0.328154756806053,0.166680470005259,1.96876548761651,0.0489800271824501,0.0717949301061313
"YNL090W",66.5520552622908,0.167083779276244,0.0744791677247784,2.24336259897085,0.0248734416573979,0.0384072738858003
"YNL091W",2047.33284761917,0.00409977193708487,0.0389745584770014,0.105190978353331,0.916224269237841,0.938042379533726
"YNL092W",157.745575625774,0.492319600456813,0.102034599629944,4.82502604256147,1.39984975035381e-06,3.56123018960201e-06
"YNL093W",74.9888926462099,0.593310156843106,0.161168351268015,3.6813068581713,0.000232041532384436,0.000472672105795835
"YNL094W",1105.62722404363,0.215765815191916,0.0542858644436163,3.97462244367536,7.04909901995408e-05,0.00015234292226913
"YNL095C",268.595889794981,-0.430465380174006,0.0415869190619537,-10.3509803054351,4.14222518888101e-25,3.67195451988563e-24
"YNL096C",2488.20280906415,-0.377876727837644,0.0703365334254336,-5.37241045918542,7.76910112771999e-08,2.21665892399775e-07
"YNL097C",658.815284760218,0.0553535423055768,0.0532646764890366,1.0392167183625,0.298703956843568,0.36718808418994
"YNL097C-B",47.4748454660532,1.07011409279157,0.0861281847946121,12.4246678987076,1.92022183738653e-35,2.60023740539014e-34
"YNL097W-A",0,NA,NA,NA,NA,NA
"YNL098C",3934.12622927832,-0.379516954493059,0.0800032960651577,-4.74376648412043,2.09780662052083e-06,5.26864247629163e-06
"YNL099C",488.712817549084,-0.14000494155104,0.0360943813065606,-3.87885694346539,0.000104948447320859,0.000221658080786057
"YNL100W",770.970106276441,0.355399905378136,0.0428138865937367,8.30104280768867,1.03201497006313e-16,5.58554758384287e-16
"YNL101W",625.989141036304,0.123161672702664,0.0470829803248048,2.61584274939747,0.00890075387350935,0.0147609175255233
"YNL102W",388.784112865438,-0.0416549448871304,0.0745843242789927,-0.558494633957056,0.576506667727933,0.647030711690715
"YNL103W",931.254489765994,0.368752589755475,0.0364709426454657,10.1108598519134,4.94483613425427e-24,4.11312306741658e-23
"YNL103W-A",13.2865000523363,-0.480874971923589,0.184291539913507,-2.60931658691049,0.00907232657625454,0.0150164905000132
"YNL104C",4021.16822423644,0.38130357158101,0.106056120327823,3.59530002042679,0.000324017948087833,0.000650399610416167
"YNL105W",2.47575508369954,-0.448051555885005,0.326774064265272,-1.37113560983616,0.170332686058268,0.222675512617793
"YNL106C",453.244200423226,0.146453194502127,0.035082472354329,4.17454029530663,2.98588368751037e-05,6.69269921354964e-05
"YNL107W",186.712077984883,0.0642044050770514,0.0627418699782069,1.02331035239072,0.30616113054281,0.375203487562262
"YNL108C",108.118727820315,-0.605964684502029,0.0730191928764499,-8.29870422598803,1.05253045660639e-16,5.68763315867663e-16
"YNL109W",13.2534944350705,0.117551441299752,0.176006519368335,0.66788117691111,0.50420944358053,0.577402490825781
"YNL110C",503.199462400526,-0.889578924093004,0.120557299127541,-7.37888896425834,1.59615874427759e-13,7.05653984697013e-13
"YNL111C",265.920145891853,-0.452067864865289,0.0676131486962479,-6.68609395631321,2.29205900875698e-11,8.65847002813797e-11
"YNL112W",3892.81240615325,-1.23986290207624,0.114379632624117,-10.8398923272535,2.22733043739417e-27,2.19196081242268e-26
"YNL113W",124.857783298335,-0.678214875502284,0.106339079359652,-6.37785167584982,1.79589314210515e-10,6.35818266831772e-10
"YNL114C",1.1537817377944,0.202412926873289,0.509158339090301,0.397544165209853,0.69096622492948,0.750775021527388
"YNL115C",899.837144706399,0.335264848113442,0.0728563482733679,4.60172457251739,4.19007052447324e-06,1.02371543419943e-05
"YNL116W",305.720445069797,0.25858464508809,0.0584857690964574,4.4213258897497,9.80970916221301e-06,2.31178449218442e-05
"YNL117W",64.2858345936602,-0.109240442163265,0.120415436964612,-0.907196327289574,0.364302985577828,0.436647836223052
"YNL118C",1456.3788837945,0.0308762811727834,0.0449886539031809,0.686312625383981,0.492515989125939,0.565990225392137
"YNL119W",177.974588301696,-1.03926868458447,0.113947705038421,-9.12057583111522,7.47262191276576e-20,4.88632757964978e-19
"YNL120C",0.024426426134486,-0.287898914598924,2.9566127034175,-0.0973745780995078,0.922428932511171,0.941731764135403
"YNL121C",1467.83821040944,-0.469991189085314,0.0591761017438956,-7.9422465359303,1.98551796962563e-15,9.8261713043559e-15
"YNL122C",163.091022596373,-0.179834594354885,0.06634542331106,-2.7105802537687,0.00671655923682765,0.0113409943520219
"YNL123W",809.19401843656,-0.48716086992128,0.0669031502408786,-7.28158342570271,3.29924521159397e-13,1.42739042833679e-12
"YNL124W",392.317696738802,-0.351800152780245,0.0818690501815659,-4.2971080280037,1.73040876540776e-05,3.9904397912303e-05
"YNL125C",753.382409317243,0.450363362467452,0.0476065207996966,9.46011922111147,3.07592297184799e-21,2.18136846632395e-20
"YNL126W",152.33522420386,-0.297497146737871,0.0909718506575655,-3.27021100029837,0.00107467290790267,0.00201875339526556
"YNL127W",400.547089017017,-0.0476982631546168,0.0630307592459363,-0.756745813080017,0.449202162151049,0.522853075031652
"YNL128W",50.9281408972278,0.468553279985477,0.0822277210496915,5.69823988800958,1.21050644221617e-08,3.67803613781142e-08
"YNL129W",169.388820079081,0.360419847617757,0.0590002685993678,6.1087831661434,1.00393612582568e-09,3.33788139659491e-09
"YNL130C",683.296619347821,0.172759526350491,0.0356522531236732,4.84568326582922,1.2617667672602e-06,3.22186102152299e-06
"YNL130C-A",6.42644203112981,0.145045427050594,0.254516463570211,0.569886226674614,0.568754867196359,0.639873891442865
"YNL131W",1074.80545181505,-0.221627453529326,0.0379527174343576,-5.83956745423168,5.23365234810064e-09,1.64394038824586e-08
"YNL132W",673.181867399167,-1.04012082923115,0.123495168457898,-8.42236050380984,3.68973651044197e-17,2.04361493199117e-16
"YNL133C",101.907449985487,0.601465472348715,0.0881890941980196,6.82017972651115,9.09266832365251e-12,3.52584359630246e-11
"YNL134C",1385.30079775384,-1.2669052763247,0.0612083573066903,-20.6982401108521,3.59251047114631e-95,1.35785052368217e-93
"YNL135C",4931.9344727637,0.220814096234793,0.0566485837036332,3.89796322870171,9.70051415522653e-05,0.000205638942600318
"YNL136W",746.468980601141,0.455507989698816,0.0655690500708638,6.94699693234118,3.73143812967245e-12,1.4880326315372e-11
"YNL137C",635.186766122004,-0.40479785295064,0.0275826694727017,-14.6758040715118,9.211707227296e-49,1.81049525761626e-47
"YNL138W",2381.8366092736,0.109264538855539,0.0468291974051963,2.33325670542915,0.0196346762733831,0.0308442425404436
"YNL138W-A",213.858516490926,0.407229129171547,0.100187903512305,4.06465366471644,4.81038380617625e-05,0.000105619630394786
"YNL139C",504.688991717935,-0.335288390733726,0.0588391230245776,-5.69839204764615,1.20942676522041e-08,3.67637945998726e-08
"YNL140C",7.6005782216002,0.367025004760024,0.186895534914119,1.96379760987161,0.0495535673911191,0.0724811801155663
"YNL141W",740.720243845772,-1.49135181370464,0.0891033190657538,-16.737331777777,7.00589522320202e-63,1.83245449583295e-61
"YNL142W",259.660081984746,0.430033726555447,0.0711339270163127,6.04540961806918,1.49030877721144e-09,4.88647954167659e-09
"YNL143C",39.1750474763784,0.498677766228782,0.103521315846425,4.81715057571886,1.45622797008099e-06,3.70055123981792e-06
"YNL144C",1127.57299205448,-0.86237969600237,0.0558575908347274,-15.4388988696988,8.96171903618974e-54,1.98224004019129e-52
"YNL144W-A",0,NA,NA,NA,NA,NA
"YNL145W",877.120895119267,-1.23384106009265,0.0944781232070795,-13.0595424444269,5.60637301921824e-39,8.51351876362081e-38
"YNL146C-A",27.0776667387998,0.92453013632724,0.123354375157215,7.49491159230409,6.63430645265221e-14,3.01038219576481e-13
"YNL146W",66.4575590681322,1.4654172379062,0.0888656611297045,16.4902530322409,4.31140172907031e-61,1.0984493516398e-59
"YNL147W",563.051194773038,0.333031253551738,0.0490040361190199,6.79599641023198,1.07566456418921e-11,4.15002610042489e-11
"YNL148C",517.693720573313,0.702061797617056,0.0374083875631957,18.7674968997536,1.39295892337732e-78,4.5413101582524e-77
"YNL149C",220.271527006404,0.0457684179093432,0.0674726067075487,0.678325918364478,0.4975650687278,0.570489618567967
"YNL150W",54.9900392914431,0.192234616828426,0.0925934633873941,2.07611433675563,0.0378833775024164,0.0566767624704485
"YNL151C",808.231756118799,-0.307731252985557,0.0683379989909468,-4.50307672933655,6.69766885958567e-06,1.60366390828715e-05
"YNL152W",426.80791217108,0.0540243637057146,0.044712857466485,1.2082512003669,0.226950652969548,0.287195279944357
"YNL153C",1050.64818266904,-0.225289323854334,0.065417536898861,-3.44386741742728,0.000573456835767381,0.00111814330307364
"YNL154C",2168.64087028623,-0.491196095148018,0.0346219556605833,-14.1874162154057,1.0962388765721e-45,2.03811546809175e-44
"YNL155W",897.90946803208,0.222090131562921,0.0448558776025622,4.95119354325676,7.37597013659083e-07,1.92559007854301e-06
"YNL156C",1046.55748148118,0.360851671588238,0.0355519329486962,10.1499874031876,3.31406197064072e-24,2.79380297745557e-23
"YNL157W",1300.30089325729,0.0557305796409115,0.0427727861613749,1.30294480772538,0.192593604972377,0.248845118070056
"YNL158W",311.048999112945,-0.0753973187063428,0.0536961715493324,-1.40414700956981,0.160275077532195,0.210728642649841
"YNL159C",500.935778071184,0.145871132899802,0.0469686295652255,3.10571405319012,0.0018982017826511,0.00345991787569075
"YNL160W",1112.68398332945,-2.46238420147311,0.105054362071177,-23.4391428678114,1.70587185828309e-121,7.87563255914723e-120
"YNL161W",928.768900740265,0.0409472645712068,0.0314718713642521,1.30107498525548,0.193232789144932,0.249577235547876
"YNL162W",7521.37583276709,-0.272910861456396,0.079180359223275,-3.44669895582103,0.00056748054796959,0.00110774650666368
"YNL162W-A",13.1024125047591,-0.824619891059447,0.191750165207552,-4.30049116342024,1.70419967313558e-05,3.93131775704213e-05
"YNL163C",741.049298736989,-0.300429971781206,0.0672370396751525,-4.46822128446904,7.88726926785126e-06,1.8773884184619e-05
"YNL164C",170.25974545586,0.0748831493701927,0.0757816148761049,0.988144017419249,0.323082120905181,0.393011831955215
"YNL165W",297.063007627783,-0.0465076930269255,0.0574408827584844,-0.809661878325782,0.418134533658658,0.49172926767159
"YNL166C",577.49939653557,-0.141585317194553,0.0500260179026102,-2.83023360904298,0.00465140278709337,0.00802734565288893
"YNL167C",943.677540083524,0.0025747801494765,0.0356340824031062,0.0722561092032513,0.942398093132864,0.956158773253831
"YNL168C",535.902352881338,-0.094481440445726,0.0708309084979492,-1.33390129322514,0.182236207696892,0.236528843914513
"YNL169C",608.985784595951,-0.1900927792721,0.0347429149132533,-5.47141135816403,4.46465638699467e-08,1.30690941643133e-07
"YNL170W",31.3703601749133,0.320499016527039,0.121761993186132,2.63217616713211,0.00848398587670145,0.0141105751561483
"YNL171C",10.531639891149,0.933260450018216,0.180897295263502,5.15906248713555,2.4818947379917e-07,6.79385352273971e-07
"YNL172W",305.644553203889,-0.177811987457745,0.045705276343268,-3.89040394641297,0.000100077486187289,0.000211955981367722
"YNL173C",1917.93653424815,-0.0265477618564878,0.0499676296920929,-0.531299203505923,0.595211457263865,0.662804454215224
"YNL174W",0.491452009076341,-1.37081498472287,0.728136850608916,-1.8826337158688,0.0597500239173299,0.0860775737229973
"YNL175C",523.967470344196,-0.85200506156962,0.102729529905495,-8.29367234867531,1.09804649604695e-16,5.92428380102506e-16
"YNL176C",1073.92001798383,-0.230682281560352,0.083938628107847,-2.74822554002151,0.00599187764746917,0.0101924150190258
"YNL177C",772.672951461389,-0.0657418315418756,0.0304069824015063,-2.16206365609692,0.0306132699274054,0.0465801114422964
"YNL178W",17876.5349725811,-0.339560353186371,0.0566949217592116,-5.98925516871713,2.10804206311352e-09,6.83375181534302e-09
"YNL179C",69.8857640088951,-0.182918501034386,0.0753253948813718,-2.42837759194571,0.0151665438688896,0.0242742334281275
"YNL180C",991.946458934164,-0.0400685147249753,0.0464888201643616,-0.861895711341193,0.388744909217974,0.462020772375681
"YNL181W",478.032677738608,-0.12795545388748,0.0456810025597955,-2.80106492233809,0.00509342709112083,0.0087419373652246
"YNL182C",358.66822506007,-1.21381984102231,0.109448524890569,-11.0903261806034,1.39777158151126e-28,1.45245781105982e-27
"YNL183C",563.181768112385,-0.0705008121716384,0.0394937745419342,-1.7851120332087,0.0742431465250169,0.105086132704854
"YNL184C",25.4826862725038,-0.493501765407504,0.153406515980166,-3.21695439241517,0.00129559192374455,0.00241396989258905
"YNL185C",323.637239885375,-0.312297950984231,0.050710437870941,-6.15845502614345,7.34580385141383e-10,2.46857765969105e-09
"YNL186W",642.839626808124,-0.919515720110019,0.0939127169873532,-9.79117365152843,1.2286137374773e-22,9.4326271206544e-22
"YNL187W",163.390280578999,-0.149142615732684,0.0884900955833816,-1.68541591857759,0.0919083545186957,0.127595877040183
"YNL188W",359.952128966889,0.559538598284902,0.0744319086937242,7.51745599575199,5.58523479125248e-14,2.54611200324889e-13
"YNL189W",1296.33499225363,-0.295622332394981,0.0477958969647317,-6.18509853707986,6.20636898771943e-10,2.1010635957934e-09
"YNL190W",2317.87728776507,-0.294463381214385,0.0559812568075397,-5.26003519761504,1.44027829503584e-07,4.01445477777617e-07
"YNL191W",289.70352508943,0.295779784786377,0.0613595771715767,4.82043388205403,1.43246328027761e-06,3.64150587769019e-06
"YNL192W",3643.54814351233,0.0280024179262451,0.0752686145256925,0.372033125662046,0.709868185989595,0.766963292979264
"YNL193W",472.107810380051,0.572218437639752,0.038001801008472,15.0576662804003,3.07449718818182e-51,6.4480079748484e-50
"YNL194C",107.653901003617,-0.708489473317392,0.131783126059793,-5.37617747052025,7.60838011769218e-08,2.17501505407346e-07
"YNL195C",152.343236891566,0.271044908090491,0.117435588921218,2.30803038993845,0.0209974462798171,0.0328126835435852
"YNL196C",121.305269739813,0.356919802541189,0.0737960105430813,4.83657314148199,1.32096679497748e-06,3.36677679979624e-06
"YNL197C",987.164560578828,-0.424911402425626,0.0619178432164251,-6.8625032842376,6.76641825880394e-12,2.65069425981277e-11
"YNL198C",11.7121331913052,-0.989461839659751,0.159234343093509,-6.21387208586467,5.16946151645468e-10,1.76831058039243e-09
"YNL199C",704.496018308487,-0.308241440746531,0.0432835066393747,-7.12145259659083,1.06795466066554e-12,4.42824599802186e-12
"YNL200C",670.251552233339,0.438619799645073,0.0878567616595185,4.99244214514652,5.96205759604877e-07,1.56777500776833e-06
"YNL201C",367.900047506881,-0.257916691556204,0.0808774165091391,-3.18898281731167,0.00142774363900302,0.00264443955107748
"YNL202W",43.1616085724084,0.00497072504960308,0.0983809664341819,0.050525271602496,0.959703811292671,0.970282557007978
"YNL203C",7.12701456928661,-0.245537412682595,0.197895632379346,-1.24074194933178,0.214701092190886,0.273809568628311
"YNL204C",91.0406220743025,0.237610320319271,0.11153201974826,2.13042246393083,0.0331367508307209,0.0500763859763904
"YNL205C",2.38349691809282,0.212692497723698,0.364505203693395,0.583510181935852,0.559549904742791,0.630283902853391
"YNL206C",672.790692774759,0.274498618777307,0.0443538690282748,6.18883143209714,6.06118563608366e-10,2.05593920923676e-09
"YNL207W",463.255148903617,-0.299420224422302,0.0788535476435975,-3.7971687180851,0.000146358178816529,0.000304628717724329
"YNL208W",8612.86598498204,-0.0574614301047709,0.130268750187817,-0.441099112580148,0.659141245930095,0.721322403874185
"YNL209W",18005.1947109598,-0.49207749637945,0.0579417370984514,-8.49262588629917,2.02019794311735e-17,1.13722926765174e-16
"YNL210W",39.664352963164,-0.189912632603387,0.140968131865692,-1.34720259174838,0.17791499347885,0.231447175453309
"YNL211C",49.9030912341657,-0.39745628232913,0.0983331512851142,-4.04193577786109,5.30117531285887e-05,0.000116062332836271
"YNL212W",794.027720442076,0.0868971194496851,0.0414813487658241,2.09484797469455,0.0361845088617032,0.0543953751004494
"YNL213C",282.682554061856,-0.0942898159381543,0.0511155213232637,-1.8446415784718,0.0650896944715457,0.0930683866700817
"YNL214W",137.025669494602,0.195213501251403,0.0534998765159199,3.64885891266147,0.0002634077082293,0.00053387790951955
"YNL215W",1010.9413110377,0.306703844556748,0.0385168892836582,7.96284046455628,1.68134183277105e-15,8.37505464709053e-15
"YNL216W",670.895151971792,-0.39339327279871,0.0784439147181609,-5.01496227224409,5.3043873086937e-07,1.40126268419754e-06
"YNL217W",1340.63284302565,-1.39688823654278,0.0608294887816335,-22.9639976353796,1.06787498897465e-116,4.73929809623005e-115
"YNL218W",283.251322815691,0.133712094592179,0.0443603097972609,3.01422815131997,0.00257633982803307,0.00462177230987846
"YNL219C",938.652943235031,0.252257598688061,0.04630130841312,5.44817430292273,5.08894750161489e-08,1.48208593834076e-07
"YNL220W",2128.01880281844,-0.816806221638674,0.0507274630159123,-16.1018543620535,2.47572223172475e-58,5.89290423253792e-57
"YNL221C",710.669866093755,-0.66583537167467,0.0566962573818355,-11.7439034324687,7.59006227462082e-32,8.94041753204051e-31
"YNL222W",178.543580461131,0.168343172512574,0.059152615620611,2.84591257286545,0.00442843514018955,0.00767528478945929
"YNL223W",442.08698281924,0.345373619116214,0.0413860351309465,8.3451729073211,7.11097685848682e-17,3.88225474678816e-16
"YNL224C",523.405759620039,-0.21449018762645,0.0411329902585149,-5.2145537263012,1.8426029419934e-07,5.09251331376962e-07
"YNL225C",318.158686382035,0.631867484614597,0.0786437468448087,8.03455468444923,9.39193847803038e-16,4.77510308871922e-15
"YNL226W",1.7796293318269,1.21082581052766,0.44632900712785,2.71285484741263,0.00667063189247228,0.0112689776002743
"YNL227C",102.163674524294,-0.434444853253845,0.122819542227468,-3.53726162282246,0.000404298962982808,0.000802878916385317
"YNL228W",1.54684768052813,0.0297959503767169,0.408585223165359,0.0729246891159795,0.941866047173412,0.955759926022408
"YNL229C",972.02693207498,-0.216283614973829,0.0270951070467981,-7.98238643605536,1.43530842777294e-15,7.18594372245274e-15
"YNL230C",230.762620593709,-0.189846731544903,0.0521032230673607,-3.64366579202717,0.000268782382471001,0.000544450532690817
"YNL231C",1006.02004425035,-0.833652726595523,0.0653982269766535,-12.7473291729014,3.22609575703554e-37,4.59468172104503e-36
"YNL232W",661.982955105115,-0.153136102317053,0.0574097688626315,-2.66742238038744,0.00764355427458923,0.0128025346615289
"YNL233W",473.565610457805,0.41037590358779,0.0437085477430612,9.38891646549702,6.06206483885435e-21,4.23359837832275e-20
"YNL234W",415.4081310023,0.112580128685911,0.0729071682421156,1.54415719880995,0.12255025485302,0.165266262131724
"YNL235C",10.6921181506844,0.436553413710065,0.171738571251058,2.54196486281398,0.0110231254340577,0.017977259331646
"YNL236W",373.613070689466,-0.422718297874308,0.0522786521745265,-8.08586832849305,6.17228423148582e-16,3.18284431996934e-15
"YNL237W",411.173784235631,0.277976681074739,0.045837793331883,6.06435565215983,1.32483701665824e-09,4.35222246303344e-09
"YNL238W",1095.48620821713,-0.192540324199176,0.0289554824981454,-6.64952912497687,2.94032163077771e-11,1.10286109586259e-10
"YNL239W",1742.65596281241,0.423277858721447,0.0542371804538028,7.80420101450479,5.9879685051852e-15,2.86249029514725e-14
"YNL240C",513.630920609852,-0.189490950683255,0.0561172951418909,-3.37669430082354,0.000733625361738991,0.00140809399090472
"YNL241C",4470.73517666301,0.294494013923025,0.0702868080459769,4.1898902811234,2.79089370261296e-05,6.28636469557123e-05
"YNL242W",582.99302118443,0.237534566735538,0.0599690478145043,3.9609527813461,7.46512952100107e-05,0.000160728093818361
"YNL243W",2756.55899694502,0.000210928929316218,0.0616710984987651,0.00342022332098465,0.997271061938176,0.997939522276479
"YNL244C",2996.53852098693,-0.128931636925087,0.0521975564393353,-2.47007035808149,0.0135086480236582,0.0217778274559983
"YNL245C",297.821632477265,0.012734247929561,0.0433234948991262,0.293933994919182,0.76880834072663,0.817661189835882
"YNL246W",720.51723529614,-0.0701319109890792,0.0276892196938697,-2.5328236679998,0.0113147855484837,0.0184398033139113
"YNL247W",2334.48691431114,-0.276330533921176,0.0433783853856749,-6.37023557848767,1.8873807337662e-10,6.66835750774406e-10
"YNL248C",710.552688211507,-1.3349561066004,0.0968954513180787,-13.7772835405672,3.49165198915267e-43,6.12731480443398e-42
"YNL249C",190.69447991642,-0.00289188234377983,0.0470016255698959,-0.0615272835506365,0.950939286431558,0.962553171183444
"YNL250W",388.17664539681,0.36513984527974,0.0459893652101816,7.93965830167409,2.02738989628489e-15,1.00189763624596e-14
"YNL251C",1187.34288284127,-0.630150752546485,0.0793500600328168,-7.94140234154673,1.99908071439945e-15,9.88617989529391e-15
"YNL252C",398.930013636132,-0.0866183811105486,0.0367433007837414,-2.35739248415256,0.0184037838095505,0.0290232986762719
"YNL253W",318.986672727413,0.02381574195306,0.0369712703365979,0.644168884007343,0.519465925906991,0.591917525975516
"YNL254C",154.386643909642,-0.47357454786106,0.0542937768264419,-8.72244620916521,2.72255025749731e-18,1.62291362403154e-17
"YNL255C",3496.41792433821,-0.501244762304213,0.0575110620129914,-8.71562347763608,2.89162847530754e-18,1.72071905550524e-17
"YNL256W",609.148736599385,-0.419380455156212,0.0689403723986743,-6.08323454841501,1.17781848333478e-09,3.88781830463528e-09
"YNL257C",512.640396833153,0.0327199568156504,0.0468764449626387,0.698004228813187,0.485174549447432,0.558486567210322
"YNL258C",599.594412582156,-0.0186640908867311,0.0499224144332704,-0.373861943550001,0.708507031279756,0.765962575541952
"YNL259C",258.049151243109,0.767431292981494,0.0883075183663332,8.69044116717103,3.61034741506264e-18,2.13731324167091e-17
"YNL260C",145.829846763195,0.0624203373576306,0.0835021105985942,0.74753005535026,0.454743667514335,0.528257548559628
"YNL261W",335.319496082884,-0.384449074326144,0.0533755088767431,-7.20272429090896,5.90212416900432e-13,2.48322398523429e-12
"YNL262W",539.50590192538,-0.0554989376325868,0.0469816977770031,-1.18128846462745,0.237488148230795,0.298737409152602
"YNL263C",1044.20585153932,0.279518101021191,0.0263602042458591,10.6037911699831,2.86140240460067e-26,2.67803906683646e-25
"YNL264C",536.713278549287,0.0265080199791743,0.0353811385227258,0.749213312119614,0.45372864684421,0.527318696002926
"YNL265C",238.972642547743,0.123900936185365,0.05833783348622,2.12385220329842,0.0336825041895355,0.0508118303332927
"YNL266W",10.311932322448,0.333607141544275,0.183510476045984,1.81791878443321,0.0690765468107427,0.0982177688117195
"YNL267W",895.374007609761,-0.0803918062641876,0.0280733291220151,-2.86363636869645,0.00418808494668845,0.00727337448832867
"YNL268W",2196.85558805594,-0.00303310277412133,0.0364157627296521,-0.0832909308158353,0.933620211398761,0.950758465464408
"YNL269W",5.41396738647124,0.233447235615298,0.218426720559436,1.06876683867885,0.285174745349325,0.352185407242495
"YNL270C",64.9796638667399,0.766524578820252,0.0796414333990798,9.62469591649902,6.28926676546002e-22,4.64204571669522e-21
"YNL271C",1541.31121252737,0.00149666748375105,0.0612257598605142,0.0244450618034106,0.980497604930463,0.987098349819501
"YNL272C",682.757288969784,0.0490244833325132,0.0337750257948225,1.45150098863961,0.146640407145495,0.194549539200359
"YNL273W",261.182350463411,0.236741465636095,0.0546233587062447,4.33407009827519,1.46377531277548e-05,3.40294368928103e-05
"YNL274C",459.969616623207,-0.0959150707507336,0.117224364378205,-0.81821787867648,0.413232788055583,0.48675142962917
"YNL275W",315.951514468897,0.00723128377941982,0.0456204028698132,0.158509862353818,0.87405504987438,0.907155203392556
"YNL276C",2.39720745098205,1.13199132470025,0.358635313026059,3.15638556378858,0.00159737554129992,0.00293335460453874
"YNL277W",345.854243645136,0.830381407300958,0.0692950301222548,11.9832750752247,4.34800640893152e-33,5.47801027235164e-32
"YNL277W-A",0.89962647173927,0.975236832482441,0.590928446916968,1.6503467341444,0.0988720388689542,0.136492224639682
"YNL278W",518.60226530764,0.648924084881764,0.0694464670555706,9.3442346658542,9.25564150978212e-21,6.41830221227734e-20
"YNL279W",183.008421387691,1.1567821914383,0.0576925729575119,20.0507991260889,1.98628895128616e-89,7.07962782170856e-88
"YNL280C",1341.52178593979,-0.0732625205767451,0.049637743468785,-1.47594381728526,0.139958975276272,0.186368136067649
"YNL281W",894.895161424507,-0.291079774264213,0.0674854092224578,-4.31322529740766,1.60890014348035e-05,3.72396503600315e-05
"YNL282W",129.630546806582,-0.20979193194811,0.0836274443837502,-2.50864932551825,0.0121193731829051,0.0196625396521708
"YNL283C",1514.42848402842,0.51795134399599,0.0752420694252191,6.88379982040189,5.82767527670741e-12,2.29470968680425e-11
"YNL284C",449.691496815048,0.205975867328241,0.0494891652675238,4.16203963463105,3.15417586274057e-05,7.05612219830648e-05
"YNL284C-A",0,NA,NA,NA,NA,NA
"YNL284C-B",2059.43384065071,-2.17876560259027,0.0474837289965836,-45.8844671349849,0,0
"YNL285W",13.5830883695,0.32338701454503,0.156200588729277,2.07033159846482,0.0384213024826102,0.0574440642855631
"YNL286W",290.403084280868,0.0205470769322777,0.0489085844382196,0.420111871326645,0.674403730777079,0.73510113516329
"YNL287W",2220.24369921712,-0.0631368398218738,0.0328868995323004,-1.91981733516299,0.0548809764200548,0.0796973267455261
"YNL288W",965.776015284062,-0.0742477916065771,0.0523327078356627,-1.41876456765305,0.155967665902062,0.205733762941569
"YNL289W",448.081818767525,0.154300977435406,0.13380458148416,1.15318157064503,0.248835866236066,0.31128240113437
"YNL290W",1060.50580270895,0.144523689990973,0.0653291710062103,2.21223823546199,0.0269502082342204,0.0413633383407412
"YNL291C",527.82850195355,0.0997594425724859,0.0350689665287788,2.84466445541302,0.00444582291566793,0.00769960116739167
"YNL292W",448.072422710568,-0.607636515368021,0.0738368520144273,-8.22944774581251,1.88078518606987e-16,1.00061262915504e-15
"YNL293W",700.63211532477,0.0433052301518151,0.0588913229836153,0.735341438396,0.46213157733742,0.535396238696941
"YNL294C",1367.67259238056,0.254323598152982,0.053650183421948,4.74040500761718,2.13291433963927e-06,5.34510664567524e-06
"YNL295W",359.211251178269,0.212751826921557,0.0344781865640673,6.17062114117348,6.80222351873318e-10,2.29038157539724e-09
"YNL296W",0,NA,NA,NA,NA,NA
"YNL297C",741.081653865999,-0.0111399078464726,0.0642723952884287,-0.173323365287401,0.862397258784279,0.897357546993958
"YNL298W",598.987527344555,0.103749199181924,0.0489281345813922,2.12044052097136,0.0339689125295988,0.051210201466384
"YNL299W",131.92120822899,-0.494789653105475,0.137796744314423,-3.59072092426559,0.000329764579479659,0.000661163084302121
"YNL300W",723.308206038096,-1.44703598699722,0.0673764721531006,-21.4768737625368,2.56177849848497e-102,1.04274995805196e-100
"YNL301C",2315.1715298786,-0.525010723582752,0.0546342587877879,-9.60955150177868,7.28656755143873e-22,5.36088750656118e-21
"YNL302C",11155.0637820399,-0.414424221081524,0.069830633550935,-5.93470515743266,2.94374026240752e-09,9.42298244071723e-09
"YNL303W",62.9268536491025,-0.51065832167865,0.31605567123771,-1.6157226974566,0.106154281359902,0.145436228136779
"YNL304W",292.82387824683,0.459805913011873,0.0629774752401885,7.30111696695094,2.853885085212e-13,1.23938607961953e-12
"YNL305C",1121.16608770374,0.448164379728846,0.113687635491213,3.94206791083702,8.07820947620138e-05,0.000173223201330391
"YNL306W",1001.91420232,0.036358265106275,0.0366548969702308,0.99190744242995,0.321242678265413,0.39112006792704
"YNL307C",1189.94063524381,-0.0115039878481723,0.0557795509947728,-0.206240237560363,0.836603258371019,0.875817046771304
"YNL308C",1215.46128865584,-0.466541043543054,0.101554721142411,-4.59398675211582,4.34856997868193e-06,1.06116155506436e-05
"YNL309W",386.908760413921,0.347765816371601,0.064937945189563,5.35535603038291,8.53881135245464e-08,2.42721005345188e-07
"YNL310C",403.977287433134,0.344720776775166,0.076432337578706,4.51014305849525,6.47839221662057e-06,1.55278258042275e-05
"YNL311C",282.39531555771,-0.125819513921986,0.0567311932807705,-2.21781892193396,0.0265671814246043,0.040830125339556
"YNL312W",707.881948420808,0.134578158869466,0.0441368963453843,3.04910788960674,0.00229522037398723,0.00414513545619799
"YNL313C",356.492938266211,-0.437758118428914,0.102327779410817,-4.27799880882238,1.88581030100562e-05,4.33138199018955e-05
"YNL314W",229.179915546392,0.270794710791745,0.0474555689017219,5.70627888483536,1.15472743965214e-08,3.51787867908197e-08
"YNL315C",743.820330943789,-0.394939635841575,0.0444709184160723,-8.88085179951757,6.63503032424247e-19,4.07885376232921e-18
"YNL316C",218.464818184577,-0.0560857607600388,0.0491124813880547,-1.14198588983696,0.253459884843509,0.316491295668633
"YNL317W",395.088164299975,-0.0105765509693202,0.0345921471019299,-0.305750057611489,0.759794956729394,0.809827937301132
"YNL318C",2.14272684653653,0.0460021516908868,0.360853152924296,0.127481639880635,0.898559203866606,0.925050697904577
"YNL319W",4.58491115625877,0.405637224829563,0.297864988965631,1.36181572140513,0.173256048782095,0.225981865675395
"YNL320W",406.384332853297,0.201688886800786,0.0386122535080724,5.22344252087281,1.75626998496478e-07,4.8675992049044e-07
"YNL321W",1034.19659365058,0.106031641029636,0.047772930846433,2.21949206697149,0.026453266329211,0.0406732273309438
"YNL322C",2350.77512599772,0.231074635316218,0.0979490904348073,2.35912997548472,0.0183178387030605,0.028905564377681
"YNL323W",621.05059450437,-0.0856464909141842,0.0435591077583945,-1.96621316004065,0.0492739929441121,0.0721489564628666
"YNL324W",0.547218276375647,0.731557394138052,0.716722332482504,1.0206984783133,0.307397315696449,0.376486017208733
"YNL325C",257.258548633095,0.30820001258669,0.0366919077252615,8.39967261703597,4.47725115983058e-17,2.46589357313647e-16
"YNL326C",233.06958486674,0.268535078983083,0.0396354414588452,6.77512521872406,1.24298556108777e-11,4.77681434342055e-11
"YNL327W",2710.29956888219,-1.30783869566205,0.0570870090021613,-22.9095676673572,3.73027939461952e-116,1.6449097407428e-114
"YNL328C",27.4306215989535,-0.368740646802043,0.110177270024741,-3.3467941864891,0.000817518827979045,0.00155911062314052
"YNL329C",555.355735586848,-0.120458713763685,0.034933714863473,-3.44820796283643,0.00056431935616203,0.00110251430020977
"YNL330C",1157.40514085181,0.0240531112068512,0.0337421676276183,0.712850207855747,0.475938453215238,0.549233454062678
"YNL331C",205.788605488241,0.147440103027143,0.0459698431026081,3.20732230253747,0.00133976801778714,0.00249088221469128
"YNL332W",54.4704260532306,2.21447209465937,0.110574836002843,20.0269082434129,3.20977330833985e-89,1.13814590660154e-87
"YNL333W",209.882390287357,1.03340975366794,0.072456889056673,14.2624085455787,3.7527534993513e-46,7.03411207684948e-45
"YNL334C",79.6996476116198,0.923380229373761,0.0764092454975264,12.0846662385071,1.27285987175175e-33,1.63970094714987e-32
"YNL335W",63.1707891762756,0.201906322671781,0.0825352283325244,2.44630476889607,0.0144328940005675,0.023159290373199
"YNL336W",486.423463203171,0.285717733021784,0.0637257381288285,4.48355313584873,7.34103119394627e-06,1.75343588830404e-05
"YNL337W",0.487919367674505,0.0128766476088148,0.712976891303067,0.018060399664961,0.985590669284189,0.991355200176332
"YNL338W",2.84501005978066,0.139284379603831,0.29511873385298,0.471960481076131,0.636954996589098,0.701956651960334
"YNL339C",990.638052352979,0.459279364032635,0.0513728881162957,8.94011181526214,3.88776789334758e-19,2.44237035053315e-18
"YNL339W-A",0,NA,NA,NA,NA,NA
"YNL339W-B",0,NA,NA,NA,NA,NA
"YNR001C",3450.46477353915,0.00759247200161722,0.0700793959396646,0.108341002370426,0.91372519882576,0.936180320099459
"YNR001W-A",2.82540740726041,0.309250243119347,0.305065095756933,1.01371886663084,0.310716918898991,0.379986077352206
"YNR002C",340.164372067266,-0.0745086221908385,0.089948325763629,-0.828349183359301,0.407472776464471,0.481189831834132
"YNR003C",248.116221626144,-0.741836985442912,0.0563724560079363,-13.1595647586913,1.49947140619844e-39,2.32316752325204e-38
"YNR003W-A",0,NA,NA,NA,NA,NA
"YNR004W",124.94187508889,0.0317138188745296,0.073356775135735,0.432322969703183,0.66550669502681,0.726900691503561
"YNR005C",0.57020251743849,0.331922278135287,0.665030806815794,0.499108123613927,0.617703214916134,0.685130670010978
"YNR006W",1039.09045924953,0.213833053893015,0.043123386638601,4.95863313531146,7.09908810794672e-07,1.85682992755002e-06
"YNR007C",383.178433182584,0.126681936859257,0.0502554632699076,2.52075950785459,0.0117101855053814,0.0190390843988463
"YNR008W",627.110747288191,-0.161616849039205,0.0389437141702397,-4.1500111759425,3.3245904170507e-05,7.41324391536201e-05
"YNR009W",271.207421843008,0.38150739123437,0.0616452527333792,6.18875540805099,6.06410910821542e-10,2.05593920923676e-09
"YNR010W",117.547883611639,0.123505519324198,0.0849741296853178,1.45344847639596,0.146099275336192,0.193943827679982
"YNR011C",400.120915837445,-0.0467874488860668,0.047357236845189,-0.98796830226846,0.323168172355967,0.393047004532655
"YNR012W",222.254633100837,-0.778366957713366,0.100543171840382,-7.74161928120856,9.81585456193252e-15,4.65999058188639e-14
"YNR013C",1678.45236830165,0.0395233044913752,0.0495910508511041,0.796984613414283,0.425459967483687,0.498677648035488
"YNR014W",978.81775132317,-0.429536070505848,0.0640133874017341,-6.71009749585931,1.94494419562535e-11,7.38370370955121e-11
"YNR015W",650.418975609224,0.175461809467989,0.0636761497709044,2.75553421648875,0.00585963753251737,0.00997980851353974
"YNR016C",6206.90752822122,-0.308343838051551,0.0559437807813118,-5.51167321452387,3.55438391292013e-08,1.04668694079527e-07
"YNR017W",1948.18919694888,-0.138940951435449,0.0484576331194772,-2.86726656856879,0.00414034113147359,0.00719590870222507
"YNR018W",1248.10564499611,-0.41645315447549,0.0524745938966295,-7.93628160888424,2.08332699170357e-15,1.02880160631219e-14
"YNR019W",1385.94307435273,-0.0386997262019604,0.0536765018153444,-0.720980781033264,0.470921339465314,0.543947882809154
"YNR020C",371.180386218215,0.258872180615243,0.0429489450041565,6.02743980300774,1.66577262264544e-09,5.43846695357285e-09
"YNR021W",1583.87371852742,-0.035741911971912,0.0639040940708871,-0.559305510727754,0.57595323507031,0.646537582253372
"YNR022C",376.653518014433,-0.356975085234179,0.0397495976632355,-8.98059618762748,2.69303503685417e-19,1.69957688243301e-18
"YNR023W",324.358820284795,0.0822798814650238,0.0410836734184532,2.0027391569145,0.0452052935151103,0.0666739309799408
"YNR024W",84.647081784019,-0.395899303134249,0.0783282170246255,-5.05436378067667,4.31827834194599e-07,1.15092742015678e-06
"YNR025C",30.8074127508921,0.0423758631596026,0.120018988792146,0.353076322222569,0.724031223319726,0.779030365317699
"YNR026C",486.356632211825,-0.277424065898508,0.0391570680317016,-7.08490394821964,1.39140774653858e-12,5.73830568851252e-12
"YNR027W",472.220902343405,-0.10763299338448,0.0481225385918129,-2.23664412838752,0.0253096083464514,0.0390369497343586
"YNR028W",547.465105037628,-0.107700417431943,0.0508486189129581,-2.11805983592796,0.0341700004788857,0.0515020668918174
"YNR029C",512.222748074813,-0.0536816909480044,0.044442094443619,-1.20790191416625,0.22708499322628,0.287259593307021
"YNR030W",601.91367892107,-0.16689737595153,0.0326202504433814,-5.11637322470014,3.114664607994e-07,8.44199284412558e-07
"YNR031C",1113.57737247893,0.142324886341076,0.0330598860900757,4.30506281701317,1.6693835904496e-05,3.8570759969561e-05
"YNR032C-A",236.028064753547,0.233451719502693,0.0567331432719928,4.11490895865699,3.87332261752858e-05,8.58395176739016e-05
"YNR032W",582.822154875723,0.329164539631325,0.0407259731771013,8.0824229343745,6.34924622277205e-16,3.2716453008576e-15
"YNR033W",853.318762956587,-0.436820332529381,0.0463071370276863,-9.43311032742563,3.98105148494714e-21,2.80303512435531e-20
"YNR034W",466.235088013201,-0.0284292690706666,0.0546383770996914,-0.520316864807231,0.602842743265571,0.67048589020596
"YNR034W-A",438.72253051722,-2.17444973289609,0.195226545567228,-11.1380843551693,8.18612008415082e-29,8.61044649218249e-28
"YNR035C",1876.36917561257,-0.127865268055223,0.050750691058543,-2.51947836351087,0.0117528863313837,0.0190994814726172
"YNR036C",1891.31389814278,-0.0137193729761266,0.0906395020812022,-0.151361963174022,0.879690192701513,0.910667996327119
"YNR037C",478.87694984728,-0.116005869876373,0.104435183254526,-1.11079299390559,0.266657462851091,0.331107705226111
"YNR038W",322.80627910422,-0.742807942695376,0.0822126241499193,-9.03520536384807,1.63694774018408e-19,1.04554907193373e-18
"YNR039C",405.178400428475,0.0415418785291147,0.0356994258524597,1.16365676862146,0.244563135711732,0.306494773284935
"YNR040W",171.753749690403,-0.650414135398076,0.0742452268050487,-8.76034949837136,1.94645922120425e-18,1.17145170452004e-17
"YNR041C",541.954028558813,0.220352269394696,0.0724408073777091,3.04182514484924,0.00235148448531174,0.00423784694117355
"YNR042W",0.0695463339635622,0.144910124918283,2.30635057841025,0.062830918367219,0.949901145204723,0.961785395623092
"YNR043W",1492.95521315961,-0.107719091969912,0.0672526425169866,-1.60170794690639,0.109220207023188,0.149043008155625
"YNR044W",389.552550340419,-0.290117458561235,0.0892348047660911,-3.25116930912453,0.00114931392205899,0.00215308563993568
"YNR045W",516.303012006495,-0.187132754615095,0.039655005989348,-4.71901970372572,2.36983867966359e-06,5.92373556591782e-06
"YNR046W",629.183973928565,-0.455431830822908,0.0873730108322963,-5.21250013573485,1.86312431903586e-07,5.14509521904765e-07
"YNR047W",447.236414569077,0.10304821389945,0.0354801920089145,2.90438715420589,0.00367972825730486,0.00644897606647882
"YNR048W",226.543687393146,0.208840306942564,0.0525919605200272,3.97095496873589,7.15851103853378e-05,0.000154561824965706
"YNR049C",432.897288386329,0.0792765788532682,0.0486278170174162,1.6302722128134,0.103043977656671,0.14171121997206
"YNR050C",1619.44830200408,-1.03188888835275,0.0564378499339374,-18.2836321645955,1.11731374841997e-74,3.44663734322018e-73
"YNR051C",1610.41028293642,-0.395854846199149,0.072179050434472,-5.48434544118209,4.15003133624824e-08,1.21792088575306e-07
"YNR052C",970.150279498793,-0.257774205113653,0.0435137509061799,-5.92397115269241,3.14258607145328e-09,1.00361418688613e-08
"YNR053C",365.91315004981,-2.00395060764976,0.158573930442546,-12.6373269682927,1.31447074766304e-36,1.84535597411716e-35
"YNR054C",242.620444371816,-0.714969918855925,0.101488137698523,-7.04486194218866,1.85645480236809e-12,7.60151939612505e-12
"YNR055C",1099.98537028383,-0.173759441463937,0.0392800356358891,-4.42360702201547,9.70665132264685e-06,2.28985097559971e-05
"YNR056C",190.933078691289,-0.775822913890667,0.0560003259482338,-13.8538999685079,1.20488564701155e-43,2.13618772314238e-42
"YNR057C",130.005862545754,0.706391654698702,0.0848017488563534,8.32991847721521,8.08980424081021e-17,4.39224651716918e-16
"YNR058W",160.252452256179,0.575501828311063,0.066801650970006,8.61508390817264,6.98903915987037e-18,4.04013448577716e-17
"YNR059W",474.446167486203,0.012201305843811,0.0666994535711821,0.182929622216315,0.854853239888576,0.891081621293096
"YNR060W",436.743361330247,0.156700915620718,0.0536196642067156,2.92245238643422,0.00347286715072865,0.00610681317225521
"YNR061C",642.39805672147,-0.0437697152737948,0.0414474265978016,-1.05602974337896,0.29095462625866,0.358623342417725
"YNR062C",65.6543714370183,-0.323517158081624,0.068878218719713,-4.69694431846613,2.64082404242744e-06,6.56768929423657e-06
"YNR063W",48.3158383606158,-0.655639678715188,0.0841377799992705,-7.79245279256087,6.57207285953658e-15,3.13735525334852e-14
"YNR064C",79.8063128148658,-0.0804189007339493,0.0631607093840322,-1.27324251925328,0.202931996817519,0.260247801287792
"YNR065C",557.648749880273,-0.0787378633549499,0.040016823544339,-1.96761902572571,0.049111888967002,0.0719575472213006
"YNR066C",46.8751713635793,-1.24342295168353,0.107072371567964,-11.6129206206502,3.54303290831357e-31,4.0756728053995e-30
"YNR067C",855.350389564249,-1.33855623843965,0.055556229421158,-24.0937200451885,2.90885996671362e-128,1.42928912221593e-126
"YNR068C",109.964097475785,0.146165961666606,0.0830774426117469,1.75939409148276,0.0785105948043227,0.110489848948227
"YNR069C",82.9902299757948,-0.42686071037478,0.0810460210878856,-5.26689286710196,1.38752124185874e-07,3.87368450598468e-07
"YNR070W",278.658838798922,-0.327107238705836,0.0514473297754408,-6.3580994413822,2.04265227761322e-10,7.19477983497253e-10
"YNR071C",86.1755829162201,0.184840068216914,0.0807748715076244,2.28833627051287,0.022117945832205,0.0344619137892952
"YNR072W",59.0424230546829,-0.783543520064532,0.087130399202385,-8.99276862309021,2.41079399703566e-19,1.525653349182e-18
"YNR073C",135.060603982964,0.214674973184388,0.131765621188724,1.62921838980226,0.103266795288925,0.141989263400463
"YNR074C",394.910796291954,0.212025851223282,0.0390963338354025,5.4231645380337,5.85530483690324e-08,1.69380327893429e-07
"YNR075C-A",31.4221979837593,-0.601304911573363,0.0957577501375934,-6.27943859070784,3.39797774348708e-10,1.17519803405971e-09
"YNR075W",137.126191531717,-1.027192411187,0.0747792190652051,-13.7363350945311,6.15116120408126e-43,1.06583974616814e-41
"YNR076W",88.3106322244009,-0.187299325583939,0.0637126078880929,-2.93975292791213,0.00328474057653234,0.00579377703229897
"YNR077C",1.23553854119676,2.39670234680032,0.549719209032511,4.35986646895319,1.3014183415669e-05,3.03782041792967e-05
"YOL001W",246.400555359193,-0.0952895306503834,0.0500527960161048,-1.90378037262341,0.0569387937762387,0.0824073137779815
"YOL002C",1067.19104407065,-1.77489082345875,0.10067498845012,-17.6299083891937,1.45202113696056e-69,4.14458647350694e-68
"YOL003C",346.688770378127,0.34836067835807,0.040815086484583,8.53509592561211,1.40039192294053e-17,7.96798679727701e-17
"YOL004W",2242.52163989474,0.0606473682692564,0.0418881602918038,1.44784034072566,0.147661707733961,0.195682622739424
"YOL005C",830.595148151445,0.358374096926904,0.0865559449955703,4.14037530230009,3.46738058484941e-05,7.7166324953669e-05
"YOL006C",634.047471966441,0.435662201895623,0.0917435459349471,4.7486959159453,2.04732499438471e-06,5.14749584662734e-06
"YOL007C",540.976799508662,-0.608888804322166,0.0579258276038626,-10.5115253335036,7.64469623235728e-26,6.99306720510449e-25
"YOL008W",207.381640756421,-0.0259672654857102,0.0468064625414692,-0.554779491458128,0.579045496536784,0.649478879940737
"YOL009C",223.636967026648,0.372884618741724,0.0409082075390725,9.11515417500441,7.85586953708306e-20,5.13205380300042e-19
"YOL010W",193.130741274268,-1.31827187293483,0.143496311770039,-9.1867996931338,4.04702434720463e-20,2.70024059014749e-19
"YOL011W",468.748535835921,-0.553011211309899,0.0450045063409119,-12.2879075068795,1.05193792444949e-34,1.38361013045661e-33
"YOL012C",928.08818556469,0.00580347766752451,0.0380534962303408,0.152508395874997,0.878785968947287,0.910005822728946
"YOL013C",883.786091333294,0.233952335434144,0.0339097162976876,6.8992713881861,5.22699312071579e-12,2.06409217436302e-11
"YOL013W-A",8.70832972821141,-0.699638536609671,0.187661028413094,-3.72820367939991,0.000192849489878355,0.000396832677497219
"YOL013W-B",2.28821635957889,1.46506042838645,0.40912951599911,3.58092088469519,0.000342385326165177,0.000685468177732903
"YOL014W",230.057949733767,-1.06161637332729,0.112420971856732,-9.4432235889244,3.6148364297324e-21,2.54779301230831e-20
"YOL015W",146.351271681697,0.0161227628190237,0.0907293332949138,0.17770176671107,0.858957197698272,0.89458994140294
"YOL016C",3359.73520191879,-0.813392355220983,0.142247322209627,-5.71815583299561,1.07686364313263e-08,3.28794718202813e-08
"YOL017W",166.771382453758,0.576710357535192,0.0531904783823758,10.8423607960307,2.16802973141798e-27,2.13665852756795e-26
"YOL018C",878.547039149374,0.422055504683299,0.0357972094411873,11.790178934945,4.38608165269193e-32,5.22004423682833e-31
"YOL019W",628.424376226305,-0.443670014763792,0.0543668236593724,-8.16067566395902,3.33155654322887e-16,1.74678181866398e-15
"YOL019W-A",0.233840043121742,0.743117903206349,1.06973006206193,0.694677965555137,0.487257139792831,0.56060241923982
"YOL020W",996.524669906466,-0.849586101200659,0.0493024101375461,-17.2321413665264,1.52403390906106e-66,4.22735050823831e-65
"YOL021C",1092.60499792535,-0.450873774927075,0.0586800095342316,-7.68360091461901,1.54678014998825e-14,7.26300385786292e-14
"YOL022C",639.79357927896,-0.386956406050404,0.0484958502429774,-7.97916531232356,1.4732615074714e-15,7.37059338901509e-15
"YOL023W",314.232339795804,0.227747624097803,0.0442116705845369,5.15130102723278,2.58685580243612e-07,7.06710923945913e-07
"YOL024W",7.71760437797179,0.637415923314992,0.201313792918629,3.16628043252176,0.0015440186165647,0.00284220071269697
"YOL025W",247.640699085486,0.29550873112112,0.0425127864698117,6.95105533322217,3.625636159214e-12,1.44751892856837e-11
"YOL026C",688.901436336936,0.467244647318364,0.0780762717776628,5.98446412309405,2.17103434938629e-09,7.02802131267212e-09
"YOL027C",979.895232964084,-0.0895511724313655,0.0379051907700966,-2.36250420092892,0.0181519357107391,0.0286787243349045
"YOL028C",325.648354596709,-0.0304878415645484,0.051707450349521,-0.589621831253779,0.555444212097955,0.62637716967571
"YOL029C",495.538780734357,0.339960403432047,0.0418641958906696,8.12055256763729,4.64065912393733e-16,2.41110982730852e-15
"YOL030W",2991.55800613315,0.141948916149945,0.0518312259872704,2.73867564284138,0.00616871997685708,0.0104621855820513
"YOL031C",543.47205647588,0.203959560921833,0.0358044812944553,5.696481377414,1.22305243799898e-08,3.71451555010817e-08
"YOL032W",344.067951652627,-0.158700599914872,0.0658993790785079,-2.40822602783262,0.0160302529863758,0.0255377745005278
"YOL033W",225.816939203528,-0.000159047617948901,0.0400754991255019,-0.0039686996149648,0.996833444163271,0.997939522276479
"YOL034W",223.878422331395,0.507741907951044,0.0561929976752556,9.03567933651325,1.62986889128233e-19,1.04296447470987e-18
"YOL035C",27.8084104371773,0.797543241981872,0.120213157757851,6.63440888549309,3.25805527165231e-11,1.22070600292463e-10
"YOL036W",696.63383998505,0.120803952997186,0.043665907350611,2.76655084771747,0.00566527492049844,0.00966313567520674
"YOL037C",2.74926726013659,-0.733264564216222,0.373125580068281,-1.96519510691826,0.0493916600827911,0.0722878661243304
"YOL038C-A",28.4620105415287,0.168424282586484,0.135504025922748,1.24294670538058,0.213887473158903,0.27292374844372
"YOL038W",3334.08056620845,0.115300656082543,0.0710238597220438,1.62340735259643,0.104502353993238,0.143516009806245
"YOL039W",8148.16369890501,-0.136706794187633,0.0603583401480822,-2.2649197087302,0.0235176070955887,0.0364857057308422
"YOL040C",10440.7787022373,-0.309043931350673,0.0420623826486693,-7.34727592423844,2.02287011723382e-13,8.88590264141218e-13
"YOL041C",648.707547793957,-0.650932243773681,0.118728856209826,-5.48251086175134,4.19331245934436e-08,1.22957358942156e-07
"YOL042W",306.159532000135,-0.221118463550565,0.0380200440304451,-5.81583922873684,6.03304302940588e-09,1.88214526073846e-08
"YOL043C",382.065672274316,0.382410813404086,0.0390222777714066,9.799807577719,1.12800322449462e-22,8.69902935123149e-22
"YOL044W",203.677112884022,0.0611214419247153,0.0545481289200353,1.12050483004314,0.262498695487576,0.326651325300116
"YOL045W",744.509881761075,-0.0563913164797082,0.0538004125863823,-1.04815769561555,0.294565957803454,0.362684665067112
"YOL046C",1.04014528336454,-1.18340640920933,0.524267515717999,-2.25725678919591,0.0239920337373165,0.0371380585646303
"YOL047C",186.72629566171,1.15802197804948,0.0753245042313493,15.3737749735832,2.45441847174348e-53,5.39423152304262e-52
"YOL048C",677.030964098746,0.769649188980648,0.070376739598379,10.9361302238897,7.74350012639932e-28,7.82195849772408e-27
"YOL049W",1319.7217373555,0.0473414232767063,0.029171414497426,1.6228703370172,0.104617125805726,0.143616285854638
"YOL050C",4.07225775579431,0.563099199344221,0.346034179405682,1.62729358212923,0.103674760317295,0.142493242002532
"YOL051W",1103.1583706677,-0.0895798698816953,0.0601047988548395,-1.49039463717434,0.136120501778101,0.181643633701563
"YOL052C",532.802888819132,-0.531574788900082,0.0531620165340499,-9.99914644997735,1.53716227154552e-23,1.24401638423078e-22
"YOL052C-A",221.073956445367,-2.23841766292053,0.183596968450058,-12.1920186472438,3.42822649519088e-34,4.46643372356402e-33
"YOL053W",497.884300265168,0.325449404962662,0.0616793145064443,5.27647571259338,1.31691957524581e-07,3.68255681224224e-07
"YOL054W",418.172663959056,0.252625871498202,0.0557565944766735,4.53086982570091,5.87413269404221e-06,1.41683586263381e-05
"YOL055C",333.592869713575,0.216182482402006,0.0437405507337003,4.94238135496192,7.71740707532202e-07,2.01167272721259e-06
"YOL056W",437.495789083333,-0.434593648979853,0.0371614380196664,-11.6947478929599,1.35589251018477e-31,1.58625588053759e-30
"YOL057W",971.50988333518,0.107163239694718,0.0411314932518706,2.60538169714625,0.0091771959755891,0.0151718171391678
"YOL058W",692.566425036211,0.382641474592156,0.0829825259899456,4.61110902599564,4.00526390683013e-06,9.80156898437725e-06
"YOL059W",3027.3829593195,-0.0464834038855725,0.0684088563781273,-0.679493947810461,0.49682494109968,0.569799728213521
"YOL060C",1215.71621946606,-0.129658884863826,0.0638749819217763,-2.02988526904965,0.0423682027925418,0.0628262269907081
"YOL061W",1364.50138443117,-0.716664108565537,0.0507800103029492,-14.1131146742582,3.15336888330485e-45,5.81555617915658e-44
"YOL062C",1505.56239326774,-0.0928170801501591,0.0664279129702016,-1.39726021788153,0.16233533419909,0.213274401061027
"YOL063C",515.600466612071,0.017319520119622,0.0339290661448449,0.51046262357131,0.609727393478373,0.67726703370543
"YOL064C",1198.19638263162,0.135723757415137,0.0667416536406973,2.03356899344754,0.0419950707225586,0.0623669878410004
"YOL065C",368.647308090397,0.0689320129677009,0.0575071110493263,1.19866937688062,0.230656530000043,0.291295441503635
"YOL066C",411.738996355545,0.0923618539359765,0.0596280117721524,1.54896752702245,0.121389526457377,0.163861568387028
"YOL067C",235.536947383619,-0.433231219779508,0.0853452404652146,-5.07622003778977,3.85017401161597e-07,1.03256713551291e-06
"YOL068C",859.810044079438,-0.207440577547834,0.0394202689224667,-5.26228215124144,1.42278198563914e-07,3.96890400616856e-07
"YOL069W",227.279833755302,0.389756066039726,0.0686124373495673,5.68054540977744,1.34265898088703e-08,4.06878904384224e-08
"YOL070C",938.314979626361,0.474364584581881,0.0436900364177737,10.8575003244654,1.8370910427e-27,1.82357132506974e-26
"YOL071W",288.159322982566,0.0438901135909953,0.0682779842362211,0.642815016904261,0.520344137847642,0.592820027203366
"YOL072W",354.896754284307,0.01588976405376,0.044434436927839,0.357600211735882,0.720642519833104,0.776626980842463
"YOL073C",680.793372582491,0.319136498952811,0.0524123755499017,6.08895314521589,1.13651371715643e-09,3.76049921131268e-09
"YOL075C",316.547888043481,-0.0506164263588132,0.033767151495788,-1.49898419371047,0.133877732637341,0.178991572834681
"YOL076W",266.904827155599,-0.7862563116036,0.100230671996179,-7.84446812482283,4.34792316218955e-15,2.0974308157575e-14
"YOL077C",780.040737418008,-1.01717956530203,0.08887239063251,-11.4453944364802,2.47974030092953e-30,2.77819764333782e-29
"YOL077W-A",358.199711488715,0.213029760390373,0.0711661744854763,2.99341311979399,0.00275876041614345,0.00492666482415649
"YOL078W",268.008832489928,-0.0615226960213119,0.0598355297956555,-1.02819672912429,0.303857296729406,0.372989711670518
"YOL079W",0.219081355912822,-0.576430939024443,1.17115339477397,-0.492190810867857,0.622584459909706,0.689655152933795
"YOL080C",93.8518087848778,-1.63932043340151,0.146163975790238,-11.215625632366,3.4176104798424e-29,3.65058113211737e-28
"YOL081W",1319.64611513425,-0.0335328396900382,0.0391753063384595,-0.85596879320681,0.392015041139005,0.465183968948631
"YOL082W",1096.09699668064,0.588481834360123,0.074707157334036,7.87718145570526,3.34848463423859e-15,1.63016460006562e-14
"YOL083C-A",0,NA,NA,NA,NA,NA
"YOL083W",211.879705862408,0.937606445129586,0.0848218069672836,11.0538371988612,2.10040906648793e-28,2.16622398326394e-27
"YOL084W",118.511982076957,0.877668995891696,0.0855573493600338,10.2582537030031,1.08653827225699e-24,9.43724340259574e-24
"YOL085C",15.5972252307751,0.600349074171357,0.18022082296271,3.33118595455297,0.000864768138358697,0.00164239095079223
"YOL085W-A",12.1237474862114,0.302680836360005,0.185501755483399,1.63168718037869,0.102745402020498,0.141357124099801
"YOL086C",143540.145654549,-0.327365093320246,0.0936903092522355,-3.49411903891687,0.000475628890666509,0.000937942270270897
"YOL086W-A",360.726973480514,0.960389821705989,0.0910822006444228,10.5442096799491,5.40251576275914e-26,4.96843662192783e-25
"YOL087C",1840.55221018573,0.0250905937093026,0.0269499947325794,0.931005514408172,0.351850711684372,0.423513743775467
"YOL088C",567.181183341274,0.301729321408046,0.0360225888925088,8.37611428507831,5.47037941326435e-17,2.99846533735821e-16
"YOL089C",318.930420508276,-0.0621349087955098,0.0604805246595508,-1.02735399775831,0.304253804561147,0.373279548957259
"YOL090W",614.048227490099,0.304870637011234,0.0404961279815104,7.52838980433959,5.13698436132201e-14,2.34799438016838e-13
"YOL091W",37.7679084735895,0.294502294513022,0.134337987265357,2.19224882334505,0.0283615448355777,0.0434132325153403
"YOL092W",962.406808416192,-0.160329045300607,0.0465278212421964,-3.44587476954979,0.000569214076504628,0.00111081521482988
"YOL093W",459.52930370268,-0.205013974855701,0.0607658535120929,-3.37383518878578,0.000741287357688226,0.00142121397255778
"YOL094C",282.791128385779,-0.0664395832138264,0.0486202740779067,-1.36649956163075,0.171782218371391,0.224485159608054
"YOL095C",161.44084257727,0.233895097050299,0.0478933999387915,4.88366032374442,1.04134404438646e-06,2.68191901210574e-06
"YOL096C",437.38648393618,0.132742950097065,0.0456263619297305,2.90934767714997,0.00362183831590429,0.00635415092453599
"YOL097C",2325.91851300041,-0.557547848077632,0.0430791767221146,-12.9423979402888,2.59404390159353e-38,3.82927639464847e-37
"YOL097W-A",33.8783598121976,0.273182301178359,0.0979361241134751,2.7893926133102,0.00528070056169085,0.0090408011856325
"YOL098C",1233.10515152926,-0.35490348549467,0.0399577718759393,-8.88196385415513,6.56901834276994e-19,4.04188525759521e-18
"YOL099C",4.16037036762502,0.103850411274759,0.349064999523817,0.297510238541328,0.766076992459876,0.815260462736925
"YOL100W",399.202277821022,-0.223454885500111,0.0486387752022436,-4.59417171939402,4.34471501773058e-06,1.06096182488352e-05
"YOL101C",415.472411828142,-0.691803975183519,0.105146016216687,-6.57945968925573,4.72160893099575e-11,1.74999718945688e-10
"YOL102C",272.0782874874,0.128260673871738,0.0427716915894243,2.99872810977276,0.00271109124522839,0.00485035024081303
"YOL103W",921.586172682732,-0.067480200429278,0.0429852882189474,-1.56984408445896,0.116451388696649,0.15800179543279
"YOL103W-A",0,NA,NA,NA,NA,NA
"YOL103W-B",1833.84377966715,-2.50392072844268,0.0479078280972436,-52.2653776614587,0,0
"YOL104C",39.7951015248955,-2.55540831706367,0.108487352843153,-23.5548960325189,1.11839928032969e-122,5.23365214244078e-121
"YOL105C",857.81444344532,0.50727425894526,0.0602363440040407,8.42139853161127,3.72016443904672e-17,2.05881023139199e-16
"YOL106W",23.6956983448345,0.595435725558719,0.142390899137826,4.18169791162264,2.89340237209878e-05,6.49811130188297e-05
"YOL107W",210.671497643169,0.369190245603457,0.0696719598037437,5.29897890978544,1.16452083042516e-07,3.27102441506521e-07
"YOL108C",324.503561603019,0.608794752575718,0.0570889209547759,10.6639737166864,1.50046362913015e-26,1.4335679589981e-25
"YOL109W",3045.00225109789,-2.58598923480035,0.100839154451898,-25.6446937586521,4.84543312310569e-145,2.68804310111646e-143
"YOL110W",807.202445927039,1.68765654375707,0.0923572693119859,18.2731316801508,1.35449720304761e-74,4.14114944878421e-73
"YOL111C",798.143738963961,0.160480939887655,0.0382851740480116,4.19172548847247,2.76840847495879e-05,6.23776020283049e-05
"YOL112W",584.066531830619,0.460780248208442,0.0377369685747348,12.2103143313143,2.73829203326468e-34,3.58112374464405e-33
"YOL113W",1051.19677396092,0.0380454826935504,0.039954679475719,0.952215940480042,0.34098747836382,0.411590255073648
"YOL114C",118.746901802413,1.09900145243666,0.0642959620571431,17.0928533810556,1.67760466655794e-65,4.54340255954806e-64
"YOL115W",499.403468824588,-0.247079959402505,0.0725548347513624,-3.40542377705389,0.000660614523131269,0.0012750750012963
"YOL116W",446.523417032492,0.0721604753825138,0.0389367295761325,1.85327520231044,0.0638429235786318,0.0914377412653359
"YOL117W",213.849272981277,-0.0119691668808992,0.0646659263201026,-0.185092328557248,0.85315661857204,0.889626251198585
"YOL118C",42.0986413300052,-0.65657703875176,0.12659561700971,-5.18641209119742,2.14384148818794e-07,5.89427881584526e-07
"YOL119C",513.724456544908,0.323978172970883,0.0810956089533182,3.99501498481105,6.46901612619139e-05,0.000140379690637447
"YOL120C",16877.9222764772,-0.250514116710548,0.061561476039324,-4.06933252462182,4.71480163183494e-05,0.000103719604814175
"YOL121C",6973.11280019883,-0.371057588577114,0.0630568042596222,-5.88449720746025,3.992658798267e-09,1.26685885024348e-08
"YOL122C",830.940048031399,-0.0682336277862794,0.0365449843932168,-1.86711333769086,0.061885762231929,0.0888380964927878
"YOL123W",2727.18786354498,-0.731406561830462,0.0751261953918039,-9.73570614106004,2.12337747202417e-22,1.60866890198835e-21
"YOL124C",316.546725653226,-1.12973846723581,0.127323182780322,-8.87299895090596,7.12020044681567e-19,4.36930052396476e-18
"YOL125W",364.414747782891,-0.375687117930159,0.0797899909188437,-4.70844918772179,2.49608569117205e-06,6.22799182791896e-06
"YOL126C",2406.6416331261,0.436316031603655,0.0986628037618682,4.42229507947842,9.76579569414507e-06,2.30222442015161e-05
"YOL127W",14079.2091122508,-0.282860743547796,0.0657215075631939,-4.30392962723526,1.677949819818e-05,3.87336134581478e-05
"YOL128C",57.8317961892034,-0.102937990585127,0.100420028269663,-1.02507430398946,0.305328129004413,0.374527852963866
"YOL129W",1784.76983949763,0.371073906225939,0.047033562476803,7.88955559998146,3.03264499556484e-15,1.479543611666e-14
"YOL130W",1237.19560994415,-1.13589858590719,0.0405227766851298,-28.0311143220356,6.78803085396688e-173,4.3640060041531e-171
"YOL131W",14.3893917506699,-0.55622808770507,0.150412003853409,-3.69802990090584,0.00021727929934152,0.000444443740758345
"YOL132W",42.8781988746229,0.593647746732164,0.0926931777411853,6.40443839771818,1.50923874229686e-10,5.39607760304579e-10
"YOL133W",240.572496330423,0.473106245914335,0.04663577210016,10.1447070480197,3.49826431345221e-24,2.94187777655718e-23
"YOL134C",3.05983646969614,-1.39227451299824,0.338194786113535,-4.11678290194232,3.84197659132759e-05,8.51722751264663e-05
"YOL135C",265.125370523534,0.336921262051091,0.0531564672432981,6.33829295895448,2.32324764079423e-10,8.13728132435007e-10
"YOL136C",755.064375470904,-1.71702683545541,0.0889240359754881,-19.3089170618471,4.51949786859571e-83,1.52400126657205e-81
"YOL137W",309.151476128831,-0.00194750689645144,0.0441332393251513,-0.0441278937651324,0.964802458426641,0.973862965739819
"YOL138C",557.533161999334,0.105677415341633,0.0473969809628404,2.22962334720191,0.0257724585470936,0.0397063252733387
"YOL139C",3585.75524933752,-0.339149587239566,0.0407103220734162,-8.33080088700723,8.02972811530291e-17,4.36652171582361e-16
"YOL140W",185.652094001691,-0.0546922403016504,0.0612093283891056,-0.893527861537276,0.371574558547557,0.444455118805189
"YOL141W",26.9656559137606,-1.34032161735671,0.157466400848122,-8.51179432652091,1.71262164151164e-17,9.69639857774366e-17
"YOL142W",476.477061034963,0.129766907127356,0.0504643770305461,2.57145564382591,0.0101271987394965,0.0166225244879496
"YOL143C",2761.18284142553,-0.730015035644513,0.0613997991875646,-11.8895345799822,1.34152047790079e-32,1.64497671434573e-31
"YOL144W",301.301084511392,-0.60261470624945,0.103481865818043,-5.82338462382439,5.76676302026542e-09,1.80234269951866e-08
"YOL145C",1237.5732671899,-0.162725427854872,0.0802207969349372,-2.02846935049586,0.042512368355893,0.0630128381642293
"YOL146W",172.418742274339,0.429691282994654,0.0482435774791,8.90670438320634,5.25719974903889e-19,3.26687236437566e-18
"YOL147C",399.520775154718,0.0479689216302841,0.0734889225067246,0.652736766223435,0.513925995561231,0.58657655939368
"YOL148C",511.543660462234,0.169228661592439,0.0450868696771032,3.7533912379457,0.000174458245313941,0.000360389870725105
"YOL149W",469.298698693198,-0.0538291024949786,0.0527737415865512,-1.01999784128811,0.307729484545726,0.376695357826934
"YOL150C",0.375063342892572,1.0193064705217,0.766955012141025,1.32903032692389,0.183837964688011,0.238427858048421
"YOL151W",319.895151005785,-0.110956524532955,0.040812362035402,-2.71869891864401,0.00655392347774855,0.0110827039339804
"YOL152W",142.31441451317,-1.34443689931372,0.0635863030866417,-21.1434984273549,3.16708941179121e-99,1.23786409452908e-97
"YOL153C",524.328065027712,-0.547945969331306,0.0711992526973393,-7.69595113112448,1.40445484411839e-14,6.60372171749175e-14
"YOL154W",258.966343549151,0.955154300948027,0.0643265771124936,14.8485174219306,7.11242448945157e-50,1.43901082538051e-48
"YOL155C",2015.81688989028,-2.13239294192623,0.0881660260132538,-24.1861070340822,3.11527765134097e-129,1.55289818576627e-127
"YOL155W-A",17.2554256653092,-0.955556880567331,0.134881067488256,-7.0844403767084,1.39607301676238e-12,5.75409603493612e-12
"YOL156W",161.949103146918,1.01431419231549,0.0678219468755549,14.955545203924,1.43303270965353e-50,2.93387857431744e-49
"YOL157C",166.755997624745,0.423527943505264,0.0565146072963471,7.4941322919294,6.67383855492163e-14,3.0263240223669e-13
"YOL158C",1781.01289230814,-1.72159512852191,0.0668663300907482,-25.7468164648101,3.49921732461314e-146,1.95700129886291e-144
"YOL159C",237.652658739783,0.063025260313162,0.0615062315340815,1.02469715248672,0.305506107056615,0.374679356470396
"YOL159C-A",63.3792422935148,-0.0542839290162946,0.0768922340652215,-0.705974142593515,0.480204217782639,0.553691722113103
"YOL160W",9.8283670990612,0.720143581339699,0.170865148874923,4.21468968997804,2.50121852504249e-05,5.6561085581089e-05
"YOL161C",15.4249238630014,-0.0780955548510292,0.134472657222523,-0.580754158236035,0.56140615499393,0.632167775446594
"YOL162W",58.6856169046752,1.44639915300334,0.106844138642465,13.5374684225164,9.39719742648417e-42,1.56521358587856e-40
"YOL163W",63.9593679718014,1.24898506330525,0.0954515965951283,13.0850096578584,4.01109199152845e-39,6.15899593967059e-38
"YOL164W",511.411630295394,0.261164966624305,0.0429243059524093,6.08431425574735,1.16990940890967e-09,3.86542114499981e-09
"YOL164W-A",42.3429319695262,1.57670086274732,0.0976668601174201,16.1436628642687,1.25846184363086e-58,3.02690874906877e-57
"YOL165C",51.0699277877004,0.755981088589385,0.0836429773718991,9.03818960470632,1.59287902917137e-19,1.02024346756703e-18
"YOL166C",0.723065990892363,1.70928310720762,0.586605184583823,2.91385612014373,0.00356994399757764,0.00626470529574912
"YOL166W-A",0.0263882174468449,-0.287898914598924,2.9566127034175,-0.0973745780995078,0.922428932511171,0.941731764135403
"YOR001W",503.326103771667,-0.77095782107642,0.0871035889781269,-8.85104540606265,8.67032723202992e-19,5.30633283177347e-18
"YOR002W",1134.00658077535,0.0190767979059757,0.0238819369976875,0.798796090443707,0.424408657866268,0.497677729303312
"YOR003W",352.383430172049,0.635108970359891,0.0452373532271567,14.0394812041883,8.93644225378833e-45,1.62629064189973e-43
"YOR004W",310.717765473103,-1.30105734435782,0.135487667415385,-9.60277322045095,7.78218351131198e-22,5.71330206769639e-21
"YOR005C",387.135357224209,0.0618665472387221,0.0527391848516886,1.17306604970671,0.240769319780792,0.302235793936508
"YOR006C",411.091397675622,-0.116194533135922,0.0528683043174742,-2.1978108554073,0.027962587544843,0.042850220476938
"YOR007C",4054.19998124248,-0.134433215856083,0.0358696666274053,-3.74782451290954,0.000178374978740539,0.000368149258552706
"YOR008C",1692.82650831168,0.0342995062905649,0.047577853251587,0.720913281000563,0.470962871058485,0.543947882809154
"YOR008C-A",8.67186680115368,-1.05145269450901,0.195578085729435,-5.37612734365136,7.61049750713014e-08,2.17501505407346e-07
"YOR008W-B",12.0826759701504,-0.875202738761877,0.171914275827947,-5.09092531464802,3.56320364847174e-07,9.5784595145905e-07
"YOR009W",476.683246330517,-0.822906335816398,0.0922620467357732,-8.91922914059231,4.69544964682174e-19,2.92837698281838e-18
"YOR010C",200.115467810018,0.102403147360652,0.0702764346986145,1.45714773095442,0.145075605214281,0.192659283449622
"YOR011W",432.822107947837,0.358638202097396,0.0454226814919036,7.89557530110417,2.88979137134343e-15,1.41185190649655e-14
"YOR011W-A",1.44001112953446,-0.136678839643018,0.429788640588986,-0.318014081190496,0.750474255718717,0.801632361038673
"YOR012W",40.1224434622065,-0.173143385302898,0.0863796971647972,-2.00444538457423,0.0450223718164768,0.0664326245657537
"YOR013W",51.4542086100162,-0.360736186058606,0.0963810024291573,-3.74281421614968,0.00018197077022007,0.000375232892189407
"YOR014W",1813.07802850141,-0.205966723840185,0.0292341314676806,-7.045419634508,1.84903406697382e-12,7.57935410310966e-12
"YOR015W",447.758425735788,0.220433440053319,0.0661129739393734,3.33419338018979,0.000855471601329856,0.00162608155444821
"YOR016C",461.887121176544,0.147069243759285,0.0400257727496941,3.67436363262741,0.000238442950100843,0.000484993806547517
"YOR017W",311.524528630407,0.0400803435852777,0.050044379684075,0.800896001475106,0.423191855130393,0.49644215065518
"YOR018W",932.105548547206,0.0487049391510135,0.0584289450852378,0.833575534864806,0.404520216732928,0.478281080099127
"YOR019W",424.030826299506,0.409110566761599,0.0939096881038533,4.35642557250504,1.32203618017088e-05,3.08280911301541e-05
"YOR020C",1834.61921888915,-0.326619261811127,0.0638759748185724,-5.11333506437791,3.16520130221367e-07,8.56546804009749e-07
"YOR020W-A",454.75103422528,0.558625725779748,0.0749154903474982,7.45674523637958,8.86859480749955e-14,4.00046319218291e-13
"YOR021C",1069.17481347153,-0.225119645896139,0.0484821162278587,-4.64335436262953,3.42797656020279e-06,8.43686968072808e-06
"YOR022C",250.421524609173,-0.00167566687440284,0.0515267485162016,-0.0325203301713469,0.974057103470934,0.981620101783849
"YOR023C",891.217148306057,0.181539281675395,0.0444873572225386,4.08069377480175,4.49014786228859e-05,9.90308661259481e-05
"YOR024W",4.80565467924685,0.349533426593571,0.275476287195846,1.26883308233741,0.204500603243347,0.262112846974284
"YOR025W",404.825806142571,-0.167575619250301,0.05189619763209,-3.22905389790408,0.00124200484809796,0.00231915074648911
"YOR026W",265.252288462983,0.0202234320832567,0.0433239141459863,0.466796052062859,0.640645800696376,0.705346104832005
"YOR027W",3215.09966497971,-0.148246096418852,0.0482109600982753,-3.07494594832089,0.00210540706127966,0.00381736825897279
"YOR028C",338.182915649169,-0.690166049609172,0.0799703098754628,-8.63027854567479,6.12027418277498e-18,3.56226512209352e-17
"YOR029W",18.7866451276533,1.04425744521202,0.153895985418358,6.78547554293417,1.15704751672217e-11,4.4565116839484e-11
"YOR030W",304.447844503453,-0.0720804256562289,0.0522115261956869,-1.38054623008096,0.167418525839905,0.219366102714801
"YOR031W",227.176889120467,0.548400232576162,0.0617644030745664,8.87890443811291,6.75220846454025e-19,4.14718232389039e-18
"YOR032C",156.557906759752,-1.03131264344116,0.0622164695340599,-16.5762000184947,1.03574501821005e-61,2.65854103741304e-60
"YOR032W-A",14.3171522063693,-0.0205903418568216,0.150075620996691,-0.137199777819181,0.890872886524724,0.919339121872724
"YOR033C",583.2141300329,0.232732476471066,0.0372548491600677,6.24703848540942,4.18308019482316e-10,1.44093183075556e-09
"YOR034C",398.543634309228,0.129859983136349,0.0424336679973212,3.06030539581324,0.00221111401236008,0.00400164516996185
"YOR034C-A",57.566150725111,0.103477792066145,0.0963691414835473,1.07376480139974,0.28292810943994,0.34966986432579
"YOR035C",736.143589036281,-0.187963973989726,0.0585218065300355,-3.21186212686815,0.00131877648534754,0.00245318102831415
"YOR036W",847.861745723715,-0.032858634561972,0.0616391988448981,-0.533080169400867,0.593978085764195,0.661910781139138
"YOR037W",257.944378212948,-0.171626269735289,0.0555996599048376,-3.08682229403989,0.00202308500955035,0.00367498665810479
"YOR038C",382.332820242689,-0.0656372844189857,0.0513676499852187,-1.27779418443073,0.201322005486226,0.258617007607797
"YOR039W",646.880808597888,-0.10738131058298,0.0322429785776788,-3.33037812633471,0.000867281205199222,0.00164670919419416
"YOR040W",237.136525055527,-0.0237608656766919,0.0528768976942533,-0.449361946574151,0.65317057752667,0.716322660706172
"YOR041C",2.27242502408333,0.019011053154961,0.343856392871488,0.0552877699792138,0.955909205406748,0.966956348913183
"YOR042W",1700.47312519974,0.262471584096477,0.0635726750754312,4.12868553643599,3.64842974542694e-05,8.10604724563222e-05
"YOR043W",1441.08113474195,0.023144893159105,0.031018854446624,0.746155638949587,0.455573402186427,0.529105087563808
"YOR044W",205.794772576519,0.397698026415363,0.0625327414270112,6.3598367405587,2.01968297499526e-10,7.12116821373265e-10
"YOR045W",1069.60166699958,-0.114348635143637,0.0871939700015052,-1.31142824603196,0.189713121095299,0.245492204667901
"YOR046C",1361.26890608665,-0.282416350549191,0.0465361302328766,-6.06875451688657,1.28906004113942e-09,4.24076710808133e-09
"YOR047C",711.273206839892,-0.0775270313293728,0.0801331007232984,-0.967478240946592,0.333305013583109,0.403591830388701
"YOR048C",1132.55741058469,-0.101662261429638,0.0615849468378711,-1.65076478343441,0.0987866136938565,0.136429053523397
"YOR049C",349.986496398388,-1.06670526236482,0.046701614783682,-22.840864653304,1.80125987963118e-115,7.84232070378664e-114
"YOR050C",195.095555370309,0.987625629208742,0.0824980206656301,11.9715069675629,5.01101231568223e-33,6.27882581413079e-32
"YOR051C",1275.44457636726,-0.479969326364965,0.0646624947683213,-7.42268494410311,1.14769561926021e-13,5.11665467588529e-13
"YOR052C",1004.79020820103,-0.49116981418567,0.0436654397100872,-11.2484797461505,2.35618097854378e-29,2.544453524553e-28
"YOR053W",3.38414332094284,0.753388353262532,0.296312153621666,2.54254961888761,0.0110046975016718,0.0179517332389103
"YOR054C",593.395702603918,0.160012413419766,0.0723659481948364,2.21115617788842,0.0270250238206884,0.0414596652235761
"YOR055W",6.14303828323647,-0.465151687151929,0.21817071652464,-2.13205371720633,0.0330024308297784,0.0499172651007137
"YOR056C",642.397708947469,-0.811433693947454,0.0967602735342224,-8.38602108395719,5.02873199027871e-17,2.76078590272364e-16
"YOR057W",364.189928003136,0.181519302543328,0.0665919790759474,2.72584333822407,0.00641374322895978,0.0108563335807122
"YOR058C",303.115126491189,-0.0012283172640462,0.0773626061307322,-0.0158774028627024,0.987332197634212,0.992381383332225
"YOR059C",737.234486822264,0.0971988186066395,0.0351316500940089,2.76670234237631,0.00566264317407631,0.00966104226053346
"YOR060C",207.751504426879,-0.321588166017503,0.0489937457771007,-6.56386158920331,5.24318734959159e-11,1.93913364396992e-10
"YOR061W",1653.31358913994,-0.0171688274379518,0.0216057770443574,-0.794640590926381,0.426822599560552,0.500019186372111
"YOR062C",617.916369671806,0.143554945085015,0.080490935350594,1.7834920722406,0.0745062373494551,0.105393462209933
"YOR063W",40693.7541937745,-0.421395373495907,0.0581622940421463,-7.24516425006465,4.31915456786397e-13,1.8385807099218e-12
"YOR064C",193.701956984577,0.512382904993356,0.0696848227177908,7.35286228779545,1.94006793474019e-13,8.5385331561598e-13
"YOR065W",620.315827596593,-0.529859638421372,0.0678171180622746,-7.81306628121261,5.5813226244424e-15,2.67740016272938e-14
"YOR066W",348.06189940529,0.274955155551633,0.0604030245253201,4.55200973316121,5.3135876729428e-06,1.28750157105225e-05
"YOR067C",726.65460327849,0.103930623142539,0.0405717542315382,2.56164972678823,0.0104176326218196,0.0170585324459645
"YOR068C",0,NA,NA,NA,NA,NA
"YOR069W",563.342594484685,0.0315919564803215,0.0607510396457937,0.520023306012819,0.603047331250426,0.670605009969557
"YOR070C",586.21105027619,0.351248246507481,0.0410447358946983,8.55769293798408,1.15148568448375e-17,6.58443060977864e-17
"YOR071C",397.652071403322,-0.0582778885299467,0.0432398081904961,-1.34778323421786,0.17772811187534,0.231288626861608
"YOR072W",11.6904871694188,-0.288529095766153,0.151747776588921,-1.90137280592762,0.0572531988780869,0.0828100830703027
"YOR072W-A",19.1962202551518,0.135082619975268,0.146220588985896,0.92382762859954,0.355576067925844,0.427548989907688
"YOR072W-B",0,NA,NA,NA,NA,NA
"YOR073W",235.189414450972,-0.191896439342432,0.0699956167670829,-2.74154937416989,0.00611501695966656,0.0103787815607072
"YOR073W-A",0.443070160476457,0.328106038619317,0.711088538377253,0.46141376342259,0.644501778803594,0.708457612078926
"YOR074C",338.000856586433,0.565763195794564,0.0518209084431009,10.9176626344899,9.49067887373599e-28,9.53085839013575e-27
"YOR075W",274.97654778819,0.392405008334344,0.046555895676052,8.42868561835432,3.49569334961137e-17,1.94082926166075e-16
"YOR076C",304.624281436019,-0.00655649482069827,0.0370211199487728,-0.177101471532214,0.859428686081838,0.894842696544365
"YOR077W",189.153524599357,0.589696366649269,0.0723705882386416,8.14828759861325,3.69113669200069e-16,1.93089956686485e-15
"YOR078W",393.210182931961,-0.0834867568844618,0.0833003401052736,-1.0022378873718,0.316228713227647,0.385903373832355
"YOR079C",679.34280146505,-0.0181522583168183,0.0573357905711207,-0.316595587782151,0.751550484134245,0.802657317242582
"YOR080W",330.206601114772,-0.251610597272425,0.0553125316578449,-4.54888955054255,5.39297373082782e-06,1.30535771619861e-05
"YOR081C",493.164837742488,-0.0268561758092272,0.0441984062481689,-0.607627697216793,0.543434426704623,0.615148391086171
"YOR082C",4.92583838970752,-0.57315744026069,0.253699288650944,-2.25920002893377,0.0238709450359937,0.0370005026819741
"YOR083W",200.310742139081,-0.332152841834514,0.0918643185062701,-3.61568939099944,0.000299549377825084,0.000603220190298229
"YOR084W",529.056112613561,0.280366071016616,0.0616086073179228,4.55076138257476,5.3452139518636e-06,1.29470868925598e-05
"YOR085W",1142.27312550273,-0.0445475063875849,0.0462940230479583,-0.962273387677624,0.335912293269899,0.406176949446939
"YOR086C",2664.02904126455,0.244652991577482,0.0485069651089007,5.04366725537711,4.5669320402218e-07,1.21578659073861e-06
"YOR087W",716.496213520616,0.409482507206791,0.0328890094676564,12.4504359916793,1.39083305190337e-35,1.89456248792936e-34
"YOR089C",1478.28546073659,-0.00943728079343925,0.0328267559869593,-0.287487462885102,0.773739100139186,0.82214261196439
"YOR090C",746.997162317953,-0.151610396692905,0.0319780118671639,-4.74108263273815,2.12579202637717e-06,5.33114230749126e-06
"YOR091W",554.624563691911,-0.883708517611876,0.0653866901760604,-13.5151131710811,1.27359698907156e-41,2.10602732880367e-40
"YOR092W",511.635620041226,-1.04099076047673,0.0413905806525256,-25.1504265962311,1.39809138647313e-139,7.3980543442682e-138
"YOR093C",405.795618798851,-0.278002213141685,0.0466367521519457,-5.9610114408468,2.50681413456713e-09,8.08077527258074e-09
"YOR094W",180.29841990468,-0.161245451172841,0.0571296652779264,-2.82244697896282,0.00476587018208495,0.00821664686279759
"YOR095C",680.301868267722,-1.01206212057152,0.0762743995873141,-13.2686999313966,3.51628173924035e-40,5.62523304284521e-39
"YOR096W",7581.45319827973,-0.36625407268178,0.0646899280851491,-5.66168619324622,1.49892747744905e-08,4.53036999884534e-08
"YOR097C",347.576185869295,0.429364324518908,0.058980139564762,7.27981194495909,3.34285833232463e-13,1.44444236608424e-12
"YOR098C",888.039129107089,-0.367828000076502,0.056227675603991,-6.54176072770815,6.07987230582907e-11,2.23177383093907e-10
"YOR099W",2500.1903945831,0.114019916596388,0.0333616986538469,3.41768918241939,0.000631551853137899,0.00122275406634833
"YOR100C",88.8487315204161,1.98593932832145,0.0995335128380843,19.9524689895359,1.42666307615869e-88,5.00715066372225e-87
"YOR101W",693.78503099571,-0.842760706790855,0.080146549766102,-10.5152462489072,7.34885777060035e-26,6.73139715099332e-25
"YOR102W",20.5808412915856,0.36304372340811,0.162928606283298,2.22823807120067,0.025864643561986,0.039830508856705
"YOR103C",71.249974424661,0.102695209378032,0.0917804586421313,1.11892238170719,0.263173253648824,0.3273722987071
"YOR104W",246.527005252058,0.197066658489839,0.0457293532283223,4.30941276396157,1.63688609874035e-05,3.78619350142397e-05
"YOR105W",11.7470280560055,0.608145941377448,0.192381183086742,3.16115085487983,0.00157147088466581,0.00288886911160237
"YOR106W",455.796565905988,0.17546298838321,0.0584783210865157,3.00047923953941,0.00269555128157135,0.00482380261860805
"YOR107W",137.374447505848,-0.912632374670133,0.0908060583522132,-10.0503467635416,9.15447183032464e-24,7.55985734943616e-23
"YOR108C-A",0,NA,NA,NA,NA,NA
"YOR108W",779.340287988517,-1.36603212495913,0.0566015870755113,-24.1341664702216,1.09501368115806e-128,5.41913605229229e-127
"YOR109W",1001.01016901619,-0.249306738721322,0.0462426525696814,-5.39127244799917,6.99605099853769e-08,2.00691554707843e-07
"YOR110W",593.994695423628,0.0270067109877394,0.0357295725674847,0.75586437360061,0.449730516027363,0.523114004016272
"YOR111W",199.40913928871,0.183183864284525,0.0553867476500903,3.307359107666,0.000941800743114031,0.00178131628041832
"YOR112W",491.19650209932,0.0689903716449105,0.0346398522278038,1.9916474005491,0.0464097586950972,0.0682601518203065
"YOR113W",472.303233520541,0.030737408407768,0.05594841711268,0.549388347231754,0.58273896924101,0.652663850441046
"YOR114W",115.174573351674,1.20059135463008,0.065471010464973,18.3377550782174,4.13524233556234e-75,1.28716434508296e-73
"YOR115C",428.435519798424,-0.0364930580180524,0.0368483729759401,-0.990357377295339,0.321999470797552,0.391902752939908
"YOR116C",1064.85618681078,-0.589886188356673,0.0769582326354156,-7.6650173497515,1.78807029515234e-14,8.34473240186767e-14
"YOR117W",2525.29006418979,0.0956245568869048,0.0285947027867925,3.34413536660617,0.00082539452754264,0.00157282242519829
"YOR118W",579.502710339825,-0.33007653267762,0.0536048106786239,-6.15759161349386,7.38595184938228e-10,2.48085755722171e-09
"YOR119C",307.732935368895,-0.831728229915887,0.0872414571183426,-9.53363523935245,1.51869916221847e-21,1.09738776648118e-20
"YOR120W",353.399832169508,-0.802478012522983,0.118435073745222,-6.77567875078355,1.2382354233789e-11,4.76121938369113e-11
"YOR121C",32.9403333958985,-0.219008289122313,0.267306799364111,-0.819314322132119,0.412607103295736,0.486097664595199
"YOR122C",4081.71683346156,0.148036260539823,0.0716216980186819,2.06691916884194,0.0387417711677807,0.0578728868323917
"YOR123C",1553.92707815527,0.0508928283357294,0.0414388833773282,1.22814188481666,0.219393710133571,0.278863512935852
"YOR124C",1351.8850565688,0.121308600466479,0.04941214521447,2.45503610377463,0.0140870439509226,0.0226465939094173
"YOR125C",522.627470411875,-0.163781151372746,0.0517628761392774,-3.1640659018263,0.00155581562156171,0.00286161916062113
"YOR126C",275.91471106261,0.777921951244881,0.0487136695232939,15.9692743096041,2.09205714495575e-57,4.8783935932714e-56
"YOR127W",1080.4472446379,0.488423106013616,0.0601833735940526,8.11558204277672,4.83461952135332e-16,2.50998850470864e-15
"YOR128C",1807.94311179798,-1.23674437068602,0.132514293949273,-9.33291295472958,1.03000414737271e-20,7.12100354751446e-20
"YOR129C",184.561896072113,-0.0809020113974805,0.0514570912485365,-1.57222278668504,0.115898892637598,0.157314223057229
"YOR130C",437.508102431525,0.568450335880553,0.0670978210055287,8.47196417650753,2.41289349376263e-17,1.34835859817978e-16
"YOR131C",605.92200207664,0.205775594430758,0.0354029159703473,5.81239112063852,6.15867400017154e-09,1.92046774465911e-08
"YOR132W",1386.65723405331,0.189064937249165,0.0593382374202225,3.18622435496763,0.00144142770270482,0.00266763012292345
"YOR133W",25000.9335192731,-0.423489859376968,0.0578213633479148,-7.32410712678639,2.40494519360886e-13,1.0503884436086e-12
"YOR134W",240.618052899328,0.232750961628396,0.0924795831306053,2.51678212367902,0.0118432040562463,0.019237166635872
"YOR135C",26.5505015210036,-0.694184523238845,0.229095287282652,-3.03011262899693,0.00244462556727744,0.00440109376532362
"YOR136W",3133.84695399319,-0.150194050029885,0.0600929964058134,-2.49936030840617,0.0124417740042288,0.0201665794946018
"YOR137C",494.984574680536,-0.00393005556122547,0.0443444713190121,-0.0886256041469708,0.929379458982931,0.94756207178651
"YOR138C",1076.27665252876,0.0517008818184206,0.0414088519564315,1.24854661203401,0.211830949674563,0.270600761896252
"YOR139C",1.3263764200043,-0.913321126224272,0.48248098904246,-1.89296811059202,0.0583621104207459,0.0842545556315447
"YOR140W",372.302450668022,-0.00765771428203585,0.071274467134355,-0.107439797025782,0.914440083749457,0.936633909486676
"YOR141C",720.91278585107,0.157663269347941,0.0303615178110152,5.19286520289644,2.07082121640379e-07,5.70035179977657e-07
"YOR142W",2017.39988127858,0.287234133507477,0.0509845019820526,5.63375383383342,1.76328666822783e-08,5.30142001343499e-08
"YOR142W-A",0,NA,NA,NA,NA,NA
"YOR142W-B",1262.36518620822,-2.17275855906463,0.049694443808612,-43.7223639615037,0,0
"YOR143C",196.397538693654,-0.213176967798798,0.0826255567112402,-2.58003668942054,0.0098789818729016,0.0162655615853734
"YOR144C",147.369597388713,0.21089681760544,0.0702740600436572,3.00106209139506,0.00269039699086633,0.00481708508593687
"YOR145C",366.106225744694,-0.901263497795006,0.100653110826792,-8.95415442594652,3.42349355099789e-19,2.15463971979089e-18
"YOR146W",0.118945137336484,-0.143624242147281,1.57807644460854,-0.0910122210099326,0.927482880398163,0.945908781950921
"YOR147W",400.262141326207,0.0684080778263221,0.0496915570511698,1.37665394054525,0.168619265406301,0.220729196333006
"YOR148C",265.875206974094,0.248500576156975,0.0458020000652433,5.42553984112036,5.7779639479828e-08,1.67424658796014e-07
"YOR149C",275.204213330193,-0.198350443583106,0.0486589571966411,-4.07633979457327,4.57501503004126e-05,0.000100837963446504
"YOR150W",444.070945446783,-0.031528360072452,0.0474286984894202,-0.664752798972229,0.506208617182681,0.579306118382908
"YOR151C",3460.28391856536,-0.145996066754229,0.0492763318489219,-2.96280305932357,0.00304851547458207,0.00540901159392572
"YOR152C",98.0729270312267,-0.149404475220269,0.0787613063844234,-1.89692733753102,0.0578375288331435,0.0835849497569735
"YOR153W",7391.78183056773,-2.79291570815022,0.0479996338736562,-58.1861877426332,0,0
"YOR154W",270.677320363735,0.253195211687304,0.0583591384376931,4.33857007600664,1.43412758068707e-05,3.33731920267769e-05
"YOR155C",981.907021133933,0.152732425653781,0.0480318718733426,3.17981414625122,0.00147369536680139,0.00272295203551619
"YOR156C",244.314316229796,-0.303519423276144,0.0481359721613609,-6.30545950663858,2.87340122731075e-10,9.97785312603263e-10
"YOR157C",1929.42204494891,0.246836308562821,0.0378297351426086,6.52492827751266,6.80340816540558e-11,2.48279282598541e-10
"YOR158W",505.385873019427,-0.22149882069405,0.0663889354575033,-3.3363815697246,0.000848765825753662,0.00161422729205403
"YOR159C",411.645919731599,-0.200723234031225,0.0502646007739545,-3.99333190636289,6.51512703920517e-05,0.00014124664009673
"YOR160W",460.850476388114,-0.198966115087753,0.0367080300356793,-5.42023407124717,5.9521050891027e-08,1.71963590541527e-07
"YOR161C",830.425056685548,-0.79074204636117,0.0545229337216417,-14.5029255101749,1.16094503143576e-47,2.24329799754119e-46
"YOR161C-C",18.4608341958917,0.65855237159032,0.138950818314578,4.73946378710336,2.14284525966696e-06,5.36803807037473e-06
"YOR161W-A",0,NA,NA,NA,NA,NA
"YOR161W-B",0,NA,NA,NA,NA,NA
"YOR162C",404.633463007116,0.253275093541197,0.0496226368100592,5.10402328096065,3.32507340889229e-07,8.9866389996535e-07
"YOR163W",673.690932072109,-0.0852256330026691,0.0436640191511226,-1.95185039443347,0.0509559691631389,0.0743743076327673
"YOR164C",636.953479178551,-0.0155301563373546,0.0536517567917713,-0.289462214585609,0.77222769118006,0.820790217494999
"YOR165W",1110.18927438049,-0.0179108896219033,0.0291232627716143,-0.615002850551505,0.538552837912387,0.610430873619922
"YOR166C",273.172644061303,-0.166119724588079,0.0509027289763508,-3.26347384371587,0.00110055342570791,0.00206455059052214
"YOR167C",6022.55507593418,-0.183091593953615,0.0580170808283324,-3.15582223958092,0.00160046367882478,0.00293824116536847
"YOR168W",1419.47438873126,-0.816929520729974,0.0769112367172517,-10.6217186928517,2.36172185136037e-26,2.23470214793782e-25
"YOR169C",16.0909809580435,-0.650299276381099,0.357421719550305,-1.81941734598357,0.0688477823180627,0.0979532356909935
"YOR170W",24.3721349610129,0.240158151586674,0.198799089157754,1.20804452678402,0.227030135612675,0.28724302057745
"YOR171C",568.629143598196,-0.225097861987116,0.030071758224451,-7.48535753403641,7.13526213452113e-14,3.23343005424050e-13
"YOR172W",509.833948350714,-0.0291051114924814,0.0407966120275229,-0.713419817136925,0.475586013875409,0.548918823733043
"YOR173W",414.834617859049,-0.186151596940522,0.129839897453134,-1.43370104715089,0.151657593256597,0.200394272764528
"YOR174W",438.374291003198,0.113248546934416,0.0305869164304422,3.70251598234673,0.000213471908111148,0.00043678562043325
"YOR175C",1334.15206499987,-0.258082599079749,0.0515035518086345,-5.01096701133691,5.41571989364513e-07,1.42902712498599e-06
"YOR176W",1034.50985750307,-0.0408500687593141,0.0345570084122678,-1.18210663006385,0.237163394003396,0.298417228342667
"YOR177C",53.4527498444649,0.405009906654219,0.0821944390190801,4.92746116997286,8.33049720852551e-07,2.16410461848365e-06
"YOR178C",636.242967366894,-1.61237731693032,0.0640423932713874,-25.1767186478755,7.20697697954592e-140,3.84316237537181e-138
"YOR179C",265.262378475409,-0.176090841262934,0.054764428226281,-3.21542371510471,0.00130252108758367,0.00242556647576829
"YOR180C",154.773384271578,0.0774332962711747,0.0724577963020668,1.06866755853802,0.285219494657354,0.352185407242495
"YOR181W",1672.93896307806,-0.0762008269928565,0.0645088132956884,-1.18124676458665,0.237504708628518,0.298737409152602
"YOR182C",4040.34834981727,-0.237572924962657,0.0651238404985013,-3.64801773273989,0.000264271402425693,0.000535470685504076
"YOR183W",4.07413099201437,-0.657025708828015,0.271772893412789,-2.41755423279126,0.0156252053744626,0.0249502757128431
"YOR184W",1840.50856928506,-0.200923366789288,0.0776517430613587,-2.5874933242712,0.00966770689657824,0.0159482387869453
"YOR185C",511.945163035558,0.0160656785317775,0.0886070732393089,0.181313725241635,0.856121333392955,0.891906504984119
"YOR186C-A",0,NA,NA,NA,NA,NA
"YOR186W",12.5678408792501,0.0144048445820428,0.166147618708447,0.086699073354281,0.93091071300166,0.948842020260545
"YOR187W",2472.9825001479,-0.225122939568386,0.0437017850068522,-5.15134426507036,2.58625937488368e-07,7.06710923945913e-07
"YOR188W",388.350739432289,-0.0614389991709778,0.069205233727559,-0.887779664365348,0.374659283726329,0.447833399262105
"YOR189W",373.301664077898,0.12597723121458,0.0438502924966174,2.8728937492104,0.0040673088205581,0.0070797108746506
"YOR190W",106.063889663536,0.0402561480381666,0.0770667559170003,0.522354257152356,0.601423698612279,0.669123988800561
"YOR191W",785.592326103915,-0.142429315182244,0.0536072545655796,-2.65690374066827,0.00788619571561753,0.0131864706678982
"YOR192C",71.7568948078524,-0.546500718961557,0.0694707274446154,-7.86663302751864,3.64313301989571e-15,1.77235587297472e-14
"YOR192C-A",0,NA,NA,NA,NA,NA
"YOR192C-B",753.045549315506,-1.34707053870286,0.0377864011677017,-35.6496119523096,2.3891191878733e-278,2.52842321436622e-276
"YOR192C-C",24.4808511338427,-0.510434076777725,0.130544398510417,-3.91004196734641,9.22800869157939e-05,0.000196409256774055
"YOR193W",202.02914729108,0.209292361593328,0.0514768191329845,4.06575940624158,4.78763076103921e-05,0.000105168664662341
"YOR194C",1050.57735000997,0.259360497137079,0.0326062735373459,7.95431274414164,1.80128586375429e-15,8.94014823720473e-15
"YOR195W",339.661728750273,-0.0462101745874501,0.101537386916889,-0.455105020826214,0.649033686097905,0.712323738684749
"YOR196C",682.908655302905,0.0499910716731269,0.0319363906772612,1.565332544254,0.117504956092729,0.159148768057075
"YOR197W",2117.6733899973,-0.215663041502924,0.0734024803605353,-2.93808929131058,0.00330241895067752,0.00582346576819037
"YOR198C",2444.82223486451,-0.0999734680404352,0.0301580768742878,-3.31498153735627,0.000916491775828773,0.00173631146403914
"YOR199W",21.7160940168547,-0.590294075539649,0.177128294421638,-3.33257923284976,0.000860449658777716,0.00163464048680804
"YOR200W",0,NA,NA,NA,NA,NA
"YOR201C",427.791676846156,-0.139324315466158,0.0579277789134982,-2.40513822693265,0.0161663496715652,0.0257307541394486
"YOR202W",888.48972141169,-0.181399902281925,0.142486265701103,-1.27310447353889,0.202980971729465,0.260262088448646
"YOR203W",34.162046523789,-0.225902239429308,0.167467645261913,-1.34893064911736,0.177359242624055,0.23093966117942
"YOR204W",1070.38064139969,-1.08159322129184,0.0700088352055684,-15.4493817546877,7.61705439766886e-54,1.69571900328686e-52
"YOR205C",219.310430474917,-0.217822937784938,0.0671677253553733,-3.24297029015755,0.00118290545449484,0.00221300152881969
"YOR206W",588.998412829531,-1.13227157249728,0.130834468261285,-8.65422994066108,4.96250723255172e-18,2.90281354189824e-17
"YOR207C",1351.21001633131,-0.452138881034778,0.056976276834898,-7.93556381974475,2.09541207949175e-15,1.03328599962894e-14
"YOR208W",924.462070650336,0.0460721102589253,0.0524411169368991,0.878549370227232,0.379645657762714,0.452692404186117
"YOR209C",2262.10484185766,-0.31517327087824,0.0603706543411432,-5.22063698526862,1.78308756890003e-07,4.93595951165525e-07
"YOR210W",596.664716118025,-0.30593050169657,0.0680290154958465,-4.49705907790549,6.8899848375795e-06,1.64741764677474e-05
"YOR211C",569.57206382012,-0.0497648605322943,0.073029153830286,-0.681438273924739,0.495594211769552,0.568672657675187
"YOR212W",1314.16387469319,-0.668732274264247,0.0410685985301745,-16.2832991189828,1.2968489702819e-59,3.23225509658305e-58
"YOR213C",282.649533511312,-0.0248669797763345,0.0471357540979287,-0.527560877135245,0.59780415300541,0.665527556000035
"YOR214C",6.67695112515388,-0.289755576180851,0.216513160461897,-1.33828158788456,0.180804661520699,0.234848048829473
"YOR215C",872.884504854476,0.440636864195381,0.0494993032452282,8.90188013379479,5.49085486790323e-19,3.40898832457638e-18
"YOR216C",628.059395190414,0.0510283192215475,0.0567102068251495,0.899808378038181,0.368222235041934,0.440751827884716
"YOR217W",538.28458542467,-0.347510888368493,0.0570162708704606,-6.0949424271894,1.09476845025761e-09,3.62760701797788e-09
"YOR218C",9.09597855032982,0.149016485598525,0.191047745116686,0.779996045007026,0.435393203123707,0.508846388767921
"YOR219C",955.189752658241,-0.0617020982108288,0.0541584341108272,-1.13928881482365,0.254582712066928,0.317720333147387
"YOR220W",1268.23991133647,0.106289603569953,0.0847712964539059,1.25383954258323,0.209900333292977,0.268483524120935
"YOR221C",516.509935022089,-0.413062062896401,0.0495859989004665,-8.33021562650249,8.06952442046567e-17,4.38469656306346e-16
"YOR222W",1525.69345712963,0.852067185488364,0.063852071841785,13.3443937042426,1.27705342222062e-40,2.06702364504838e-39
"YOR223W",561.883260957018,0.346778696007623,0.0654513404511773,5.2982672870741,1.16906749585714e-07,3.27977785644425e-07
"YOR224C",1084.62266753868,-0.301913225440426,0.0436627803891332,-6.91465872648748,4.68991029371618e-12,1.86054745735142e-11
"YOR225W",28.1716945026999,0.610004532091492,0.157324058512236,3.87737602157045,0.00010558910262045,0.000222942736932498
"YOR226C",481.319034843376,0.464803664718053,0.0826540748655389,5.6234815461209,1.87146763990165e-08,5.60673284028401e-08
"YOR227W",1421.36909108912,0.773497364136657,0.0470110946944049,16.4535067554748,7.91498688645994e-61,1.99440273963216e-59
"YOR228C",279.019854629581,0.265234692949748,0.0484018407876458,5.4798472255098,4.25693248695971e-08,1.24769657340417e-07
"YOR229W",366.23469281754,0.270877748352708,0.0638455841026091,4.24270138898515,2.20845206510756e-05,5.02877913137204e-05
"YOR230W",3742.60284224635,-0.721395750294454,0.0697534589135772,-10.3420785367539,4.54569454968414e-25,4.01925871558833e-24
"YOR231C-A",0,NA,NA,NA,NA,NA
"YOR231W",526.035383103511,0.222410943798567,0.0378831808969037,5.87096802678323,4.33257830668406e-09,1.36903105979236e-08
"YOR232W",1189.07394040064,-0.515138171312556,0.0429167239899382,-12.003203493196,3.41805562921147e-33,4.33016660650934e-32
"YOR233W",409.667852694216,-0.105796088216136,0.0570626042696579,-1.85403539796712,0.0637340959150134,0.0913199012287809
"YOR234C",2910.22896171387,-0.325610713726832,0.0605796189195839,-5.37492178943982,7.66159310190916e-08,2.18870842807446e-07
"YOR235W",1.43369020788646,0.925678580845626,0.462657610383785,2.00078537577228,0.0454155240810512,0.0669696441915437
"YOR236W",273.637472936975,0.0159729360344379,0.0492560533155381,0.324283716604617,0.74572324643582,0.798168696473005
"YOR237W",148.574576729086,0.783845892133236,0.0558455574716273,14.0359578742047,9.3918808350151e-45,1.70466354258757e-43
"YOR238W",295.564855573759,0.179217757123717,0.0438750835445609,4.08472742716712,4.41285867480913e-05,9.74512193387223e-05
"YOR239W",1867.48264878683,-0.0449622743669126,0.0319014484910478,-1.40941168798432,0.158713469978551,0.20879517306989
"YOR241W",789.480823095897,-0.151861359877103,0.0408913182396804,-3.71378000060998,0.000204186315769328,0.000418533273592732
"YOR242C",27.7254160486164,-0.1610480623159,0.173097392515226,-0.930389880377508,0.352169256197597,0.423748874126862
"YOR243C",1200.39944863927,-0.642130748543472,0.0760805571718598,-8.44014255958918,3.16950856001925e-17,1.76257472792016e-16
"YOR244W",357.390027864561,0.293262304599676,0.0523217895132342,5.60497466405461,2.08285429598151e-08,6.221430613138e-08
"YOR245C",500.438905111371,0.246786946929613,0.0441307029446101,5.59218255008,2.24232878251076e-08,6.68616371690138e-08
"YOR246C",1525.63834761116,0.0552558737411014,0.0521361506925576,1.05983800121609,0.289218305263327,0.356610991558779
"YOR247W",2373.18544657424,-0.406678915215306,0.0656657724897384,-6.19316425888172,5.8968219154273e-10,2.00367337133845e-09
"YOR248W",34.9382132498878,-0.0135446731891181,0.128001273229216,-0.105816706720278,0.915727781165783,0.937813221176034
"YOR249C",308.147829960629,0.132018448351498,0.0510204188204414,2.58756104719792,0.00966580664753253,0.0159482387869453
"YOR250C",407.83229174503,0.168604522940053,0.0457511328387789,3.68525351129978,0.000228475107957142,0.000465821063318666
"YOR251C",783.621878237073,0.0362434321635842,0.0389421472574207,0.930699376282539,0.352009092427432,0.423630256614469
"YOR252W",300.497304347366,-0.660566171554957,0.109786854238786,-6.01680571080238,1.77892376650688e-09,5.7859180093621e-09
"YOR253W",506.972032422027,-0.183290321293008,0.0564555322454462,-3.24663171177156,0.00116779398579441,0.00218591968116455
"YOR254C",1874.75632177204,0.0436663619318888,0.0336234674068815,1.29868705697354,0.194051347687174,0.250446382878061
"YOR255W",3.63121439116689,0.815225046596802,0.282285051817471,2.88794975627663,0.0038776180620393,0.00677008493623561
"YOR256C",843.695804393991,0.267852847568812,0.0319380134120056,8.38664710022713,5.00203695268098e-17,2.74832365794668e-16
"YOR257W",412.75782872783,0.32348259146379,0.0649357599554185,4.98157858914527,6.30676611038866e-07,1.65651943770002e-06
"YOR258W",106.011500968117,-0.00625625655693259,0.0553246522473387,-0.113082618738621,0.909965054831264,0.933579360504737
"YOR259C",2237.49894449824,-0.0509450902799167,0.0284698386231713,-1.78944078167177,0.073543856463216,0.104160631791324
"YOR260W",1135.37473192474,-0.578685077054453,0.0399560281554991,-14.4830480848184,1.55065338473945e-47,2.98793967328367e-46
"YOR261C",1851.41712208136,0.115172471761769,0.0350824618455018,3.28290734752229,0.00102742427888309,0.00193422321139485
"YOR262W",500.152207186071,0.215677144221598,0.0441168056633279,4.88877517260683,1.01465294775225e-06,2.61611605231923e-06
"YOR263C",4.97738482558385,1.00137440991411,0.254921263240815,3.92817137803114,8.55942090021435e-05,0.000182971585993084
"YOR264W",517.72272809356,-0.281779915658802,0.0511123244514016,-5.51295443287309,3.52859612570063e-08,1.03998340825598e-07
"YOR265W",319.336159984211,0.171540659680642,0.0456475195757803,3.75794043739581,0.000171317646279264,0.000354221246995808
"YOR266W",213.065654210632,-0.0406056920279055,0.043969668541583,-0.923493248294648,0.355750217286664,0.427683632421349
"YOR267C",2046.32989328802,-0.156899831089732,0.0452939839408984,-3.46403247050342,0.000532142272878123,0.00104231397925074
"YOR268C",12.771868571505,0.398690150600708,0.16489188177907,2.41788829322048,0.0156108683900721,0.0249331701080348
"YOR269W",223.582889039412,-0.094884038662992,0.0785980991078517,-1.20720525992356,0.227353105291387,0.287545874480502
"YOR270C",4831.88717177546,-0.00480087179528357,0.0381081414463766,-0.125980213494249,0.899747587118559,0.92558152411972
"YOR271C",2348.38307710209,0.0840601758601722,0.0686065833014557,1.22524941215647,0.220481262291767,0.279832214631931
"YOR272W",570.205185479967,-0.785635200023816,0.107983766354422,-7.27549359081645,3.45156081914584e-13,1.48767461622207e-12
"YOR273C",2086.81202589266,-2.23942511737471,0.0502828628392041,-44.5365476610988,0,0
"YOR274W",347.967535082902,-0.0602366802974794,0.0479550942258214,-1.25610597309691,0.209077550807652,0.267530593751085
"YOR275C",612.550126687504,-0.00548663296275548,0.0419677696657348,-0.130734442322178,0.895985385131555,0.923091727470416
"YOR276W",449.780227762832,-0.246690910949739,0.0612345080284028,-4.02862567027263,5.61038677315165e-05,0.000122442419455933
"YOR277C",10.5559422468678,0.151012364548726,0.251926341497153,0.599430625838037,0.548885759261293,0.620711020542238
"YOR278W",223.788585519429,0.217999981929837,0.0594142547308234,3.66915284753611,0.000243355554822864,0.000494109463289988
"YOR279C",207.244236852564,0.18114200684936,0.0486874945298215,3.72050376793181,0.000198825775390931,0.000408397285432731
"YOR280C",285.779141737374,0.151816623282266,0.044685812529391,3.39742335853046,0.000680236394432673,0.00131037416894493
"YOR281C",715.686664723161,0.171834979074901,0.0455390675766884,3.77335303990423,0.000161068112545152,0.000333831740342905
"YOR282W",3.10426998815852,0.124929764125574,0.34249360096566,0.364765250426094,0.715286646565051,0.771594298529244
"YOR283W",557.801257058702,-0.303614011722951,0.0493200346597394,-6.15599753361072,7.46063843269485e-10,2.50472092623269e-09
"YOR284W",146.875071643991,0.0181931645574377,0.0559883736228286,0.324945401700678,0.74522239421854,0.797880910479274
"YOR285W",1951.3697303159,0.369238927169841,0.0719325768897799,5.13312525610773,2.84970117798709e-07,7.76052826736865e-07
"YOR286W",564.11552915727,-0.269468104574482,0.0301483922433747,-8.93805886560001,3.96066096006831e-19,2.48521415467439e-18
"YOR287C",75.253839703333,-1.33954952341996,0.151356187006228,-8.85031229919157,8.72747299688412e-19,5.33655882182807e-18
"YOR288C",263.241862771712,0.398048902834228,0.0664974803095114,5.9859245941578,2.15164040535618e-09,6.97180138881072e-09
"YOR289W",364.96119646001,0.733365507404726,0.0870332970256503,8.42626365388169,3.56877570401336e-17,1.97821177017791e-16
"YOR290C",784.031941183889,-7.83193305444927,0.120701579323693,-64.8867487760527,0,0
"YOR291W",877.597427902912,0.151740363557363,0.0343079411119036,4.42289331972517,9.73878354050325e-06,2.29664353702852e-05
"YOR292C",447.013193587659,-0.0901623876897556,0.0474189280089683,-1.90140080080898,0.0572495347351967,0.0828100830703027
"YOR293C-A",6.79465811786584,-0.920388652988195,0.268634470463962,-3.42617479952807,0.000612146297320845,0.00118819254494077
"YOR293W",9145.1605097966,-0.433168821783062,0.0767736040479323,-5.64215822814076,1.67931658412851e-08,5.05780156839755e-08
"YOR294W",600.644062498362,-0.780654290834445,0.0963979755638133,-8.09824362252991,5.57583228590478e-16,2.88826432942312e-15
"YOR295W",118.19111304754,-0.172158187210564,0.0704044307999462,-2.4452748961177,0.014474177193757,0.0232092925211782
"YOR296W",223.650661544168,-0.168901561256115,0.0534431272641537,-3.1603981634773,0.00157553670867379,0.00289556960164761
"YOR297C",177.858758562235,-0.0947016162759646,0.0587691085517153,-1.61141828776643,0.107088583899121,0.146512006492055
"YOR298C-A",3325.43066432875,-0.494184135530463,0.0493074634895388,-10.0225016773639,1.21390733335727e-23,9.96475960162844e-23
"YOR298W",110.501739268918,-0.546987296613391,0.138264794692283,-3.95608511791268,7.6188024478269e-05,0.000163831641258522
"YOR299W",974.55833167188,-0.13934323623852,0.0416358593978578,-3.34671214317938,0.000817760802595809,0.0015591398450822
"YOR300W",7.79960684686612,0.346658523372147,0.18794093164267,1.84450784798303,0.0651091631552284,0.0930768772537025
"YOR301W",411.218855624618,0.0284702201265746,0.0749080296510046,0.380069002738651,0.703894194554973,0.762173487225509
"YOR302W",31.8662381287788,-0.757900789009043,0.105195146724441,-7.20471250441207,5.81664434591426e-13,2.45025697829419e-12
"YOR303W",1374.70530910866,-0.337798710019511,0.0357253875503496,-9.45542464846418,3.21713449375028e-21,2.27214252387148e-20
"YOR304C-A",121.479130715181,0.0852182469738285,0.0648136761123747,1.31481890991766,0.188570770611671,0.244059892951588
"YOR304W",747.857904236051,-0.119794152849501,0.070783322410283,-1.69240647048375,0.0905684994943532,0.125862769297304
"YOR305W",286.628561996369,-0.0749301805316891,0.0391853007830244,-1.91220123450347,0.0558503878426159,0.0809683494139842
"YOR306C",876.042500358482,-1.37721817905315,0.0298034066404034,-46.2100925464712,0,0
"YOR307C",340.418886916343,-0.340235030222874,0.058494020583491,-5.81657794812108,6.00645404779229e-09,1.87470042625967e-08
"YOR308C",132.613757988514,-0.516998305376629,0.0836584077128618,-6.1798726453306,6.41533327098247e-10,2.1686033204466e-09
"YOR309C",104.721789130086,-0.593408755866437,0.232188643193642,-2.55571826297957,0.0105968879484637,0.0173438001897412
"YOR310C",2147.74544532735,-0.79149704060317,0.0841527226995288,-9.40548344976606,5.1791558443708e-21,3.6317444498906e-20
"YOR311C",770.463282604762,0.0679940299873293,0.0347909676093731,1.95435869305949,0.0506588121479271,0.0739876791434375
"YOR312C",8339.11900487608,-0.271619633334817,0.0406357275099771,-6.68425668688047,2.3209967520873e-11,8.75336439561871e-11
"YOR313C",13.2531529121691,0.104312529189939,0.145632238414646,0.716273610331656,0.473822418373063,0.547031809387691
"YOR314W",1.31383295874727,-0.534215702513197,0.454511707124658,-1.17536180947409,0.23984999572747,0.301246689904923
"YOR314W-A",3.03696448748961,3.06858527876299,0.469875684839665,6.53063220287739,6.54926487447724e-11,2.39512988152732e-10
"YOR315W",163.64244578545,-1.38860548142917,0.111473344704471,-12.4568387636571,1.28358556214204e-35,1.75542446957755e-34
"YOR316C",1150.65305858794,0.381009033634034,0.0375590320493216,10.1442719059879,3.51388874036605e-24,2.95140911416093e-23
"YOR316C-A",4.41284461042655,-1.04782769753751,0.267196370326301,-3.92156411502856,8.79760321264944e-05,0.000187538619460228
"YOR317W",1910.01422001249,-0.273219838527827,0.0441454912716546,-6.18907686056853,6.05175717183713e-10,2.05377590454206e-09
"YOR318C",67.7557448650473,1.33842296554575,0.078898155013978,16.9639323670956,1.51834238323746e-64,4.0640767526422e-63
"YOR319W",174.618297668068,-0.268737736322771,0.0526556190749741,-5.10368581822439,3.33101120832951e-07,8.99647667926922e-07
"YOR320C",645.404769884239,0.274693212888864,0.0415671657979852,6.60841814964875,3.88448205535751e-11,1.44831176470484e-10
"YOR321W",830.605352594655,0.175570080779961,0.0406395252181782,4.32018041149328,1.55901690140658e-05,3.61458620316005e-05
"YOR322C",1097.72445672161,0.0802890731873367,0.0376277603538469,2.13377231151437,0.0328614234689269,0.0497367947288775
"YOR323C",1866.47634173127,0.0138196690273229,0.0409018223775202,0.33787416364407,0.735458018194231,0.789482891336196
"YOR324C",341.271564768362,0.384231341194324,0.0521578694023687,7.36669932259302,1.74904358852336e-13,7.7175566680258e-13
"YOR325W",0.271955712169919,-0.283260402213516,0.840856720815228,-0.336871187684496,0.736214006016714,0.789957283947743
"YOR326W",2340.44607259823,0.0225817735969443,0.0442651654995119,0.510147727724937,0.609947970049481,0.677402661603226
"YOR327C",1842.57083911531,0.5172542060238,0.0633103341660922,8.17013861697214,3.08035319378059e-16,1.61877384415712e-15
"YOR328W",433.418099538551,0.752761828272329,0.0452101566323351,16.6502813603158,3.01182884452583e-62,7.84786765965651e-61
"YOR329C",1276.57539582701,-0.274902016438085,0.0661537173545328,-4.1555036879458,3.24571709091921e-05,7.24676659150706e-05
"YOR329W-A",8.40573370248217,-0.433582383712185,0.187455498671335,-2.31298834542263,0.0207232799252034,0.0324284446327284
"YOR330C",864.439034458483,0.184359144588395,0.0374966529299119,4.91668269519939,8.8023050286003e-07,2.279783745924e-06
"YOR331C",0.413603633098289,0.628460723825407,0.900984097585431,0.697526988000825,0.485473055864873,0.558643217011452
"YOR332W",1959.38425629695,0.4242705424205,0.0585599166135973,7.24506739345299,4.32224230843486e-13,1.83875725663101e-12
"YOR333C",0.653520087279167,0.42245848483882,0.695405851092995,0.607499180765917,0.543519686149404,0.615148391086171
"YOR334W",137.402765026253,-0.104212960017934,0.0690027514652441,-1.51027252979072,0.130973898175708,0.175422399834637
"YOR335C",3209.56161880131,-0.302141512870803,0.0496471531756484,-6.08577720059489,1.15927560087107e-09,3.83212727457571e-09
"YOR335W-A",0,NA,NA,NA,NA,NA
"YOR336W",501.283646682165,0.150471419666636,0.0493967229811519,3.04618222800024,0.00231767321883421,0.00418019771168341
"YOR337W",198.196179116491,0.261927478603542,0.0625498231524113,4.18750150524518,2.8204215103118e-05,6.34871713659518e-05
"YOR338W",54.4504754869574,0.280974730967525,0.0776474257754238,3.61859685831924,0.000296204639854859,0.000597534228023922
"YOR339C",30.482433925169,0.0133199224347679,0.143111990955129,0.0930734199550349,0.925845233559268,0.944658760257224
"YOR340C",461.366860478581,-1.28341010299729,0.0971836047151747,-13.2060351821555,8.09787604547908e-40,1.27472057933297e-38
"YOR341W",2248.38536877244,-0.825442773999609,0.0914721207451906,-9.02398203162911,1.8137375878062e-19,1.15204994150682e-18
"YOR342C",645.07806737547,-1.0577447007933,0.0760982402113625,-13.8997261678512,6.35841565106733e-44,1.13314873740135e-42
"YOR343C",32.1280383033997,0.262966282198928,0.10223896705967,2.57207491196045,0.010109101511677,0.0165967802622497
"YOR343W-A",0,NA,NA,NA,NA,NA
"YOR343W-B",618.536565806498,-1.34644277122337,0.0384440552751575,-35.0234324029141,9.89826122235745e-269,1.01627073057607e-266
"YOR344C",556.932968002714,-1.31421367417024,0.0924202164148191,-14.2199804885927,6.88721379735486e-46,1.28393343392965e-44
"YOR345C",0.905560197494054,-1.15520323747525,0.566880716831865,-2.03782418977197,0.0415675183060943,0.061838875092479
"YOR346W",551.204211041728,-0.170201304501244,0.0791748828854119,-2.14968811191768,0.0315798934283592,0.047976609296308
"YOR347C",1152.87380585133,-0.0453350414168977,0.0941763488979836,-0.481384572107449,0.63024319958349,0.696121221890627
"YOR348C",266.65492303695,2.33721947127235,0.0892760438643843,26.1796935673217,4.52646927562881e-151,2.59479851225421e-149
"YOR349W",281.042630779772,0.184318141390797,0.0558563300929469,3.29986128848932,0.000967326274436655,0.0018275851254737
"YOR350C",189.014793271388,0.0610928748886266,0.0703639317316369,0.868241347308882,0.385262223436626,0.458039895440813
"YOR351C",42.6612287894367,-0.262802448517124,0.0887096739300499,-2.96250044526543,0.00305151368094981,0.00541293517567141
"YOR352W",337.989189217665,0.243081323416947,0.0512995814326205,4.7384660191862,2.15342130258481e-06,5.39256830741934e-06
"YOR353C",756.004601133475,0.0672961543194819,0.0379885503350802,1.77148519029793,0.0764800532654343,0.107874981835744
"YOR354C",578.087694897468,-0.167117515120918,0.0371920330681069,-4.49336864201235,7.01052715348194e-06,1.67507524448775e-05
"YOR355W",723.495711222513,-0.10737108062774,0.0651662550914279,-1.64764847200593,0.0994248275595019,0.137090276364364
"YOR356W",1105.86376090891,0.408170902839376,0.0458689443061836,8.89863302967604,5.6538694607734e-19,3.50703047977098e-18
"YOR357C",279.275130502427,0.164513166131386,0.048358982242694,3.40191539403706,0.000669153500747497,0.0012904701238133
"YOR358W",508.509434952109,0.284450542845961,0.0844648259762454,3.36768044636662,0.000758034021427197,0.00145049124712036
"YOR359W",191.583844269612,-1.2021174399061,0.135962854046586,-8.84151372325721,9.44304051710857e-19,5.7587478472686e-18
"YOR360C",400.252011040373,-0.201546623163157,0.0469232744491215,-4.29523782236665,1.7450616050083e-05,4.02288162897189e-05
"YOR361C",2491.19756389218,-0.531241048412352,0.0676944183329804,-7.84763443566712,4.23957853571259e-15,2.04660075418715e-14
"YOR362C",3681.92046356547,0.122721542547122,0.0660741206167543,1.85733145445758,0.0632640119657121,0.090721938359836
"YOR363C",405.059319546104,-0.187098080578189,0.0424843198320954,-4.40393258777896,1.06305989142073e-05,2.49753722441366e-05
"YOR364W",1.11358615399352,-0.922919212468219,0.505608555608062,-1.82536312376733,0.0679462502510458,0.0967906927887645
"YOR365C",88.0508744444947,-0.216103833410655,0.0834264200846673,-2.59035247097187,0.00958777074524502,0.0158353601336232
"YOR366W",0.780396805629935,0.73688289162964,0.589847120572687,1.2492777635571,0.211563498091088,0.27030930597485
"YOR367W",299.18868131086,0.421326641915155,0.0554485617591539,7.59851344287751,2.99551745034123e-14,1.38389285029532e-13
"YOR368W",231.529249429521,0.181681638916117,0.0461407492324393,3.93755285595547,8.23168035909593e-05,0.000176404140779504
"YOR369C",27031.5874228108,-0.380326836328244,0.0841181117558076,-4.52134300675128,6.14485243388355e-06,1.47902168973705e-05
"YOR370C",1768.5870053205,-0.348183598598343,0.0328230926711782,-10.6078851888348,2.73877821986597e-26,2.5772989568342e-25
"YOR371C",218.911471727002,-0.496981835475582,0.0795199549430179,-6.24977511407932,4.11044101587655e-10,1.41804030833575e-09
"YOR372C",336.602063024386,-0.0588371299669399,0.0501145600366437,-1.1740526091403,0.240373953952686,0.301794566388123
"YOR373W",348.587935035881,0.14925722110436,0.0519615691043165,2.87245407860404,0.00407297268726429,0.00708598359021017
"YOR374W",9226.27029454602,0.682997940704913,0.0957089291641689,7.13619875041514,9.59472509235818e-13,3.99045428720266e-12
"YOR375C",7167.78496375449,0.538528867599693,0.071807891106461,7.49957782218225,6.40237024311058e-14,2.90897654573036e-13
"YOR376W",50.8504447971859,3.74624374277904,0.142549351235203,26.280328253461,3.2189423662196e-152,1.87653428281565e-150
"YOR376W-A",40.3950751218926,-0.34718564879723,0.0845056185432801,-4.10843272651056,3.98353202188882e-05,8.81967067221537e-05
"YOR377W",652.366410096892,0.283284736381195,0.0533430957690003,5.31061672175807,1.09254884350491e-07,3.07765908864466e-07
"YOR378W",59.707415221165,-0.32526204639371,0.0849715357812004,-3.82789416953992,0.00012924430259025,0.000270481155314368
"YOR379C",0.0271877609364095,-0.576434769892804,2.9566127034175,-0.194964585394128,0.845420672327347,0.883032008038236
"YOR380W",349.456943838243,0.374813883998728,0.0650075250876851,5.76569994770855,8.13196266897999e-09,2.5051397760821e-08
"YOR381W",322.048497982934,-0.163791899776108,0.0569749403779308,-2.87480598820516,0.0040427582939985,0.00704054033023181
"YOR381W-A",5.10793737530683,0.523177811092175,0.232136564245398,2.25375012675345,0.0242118919410476,0.0374614495417153
"YOR382W",6346.50843820754,0.132440933697743,0.156790839646186,0.844698159641272,0.39827938727097,0.471803668854315
"YOR383C",24377.9549096872,1.20372152540854,0.0761895400451794,15.7990391423121,3.15894755210447e-56,7.19549675858499e-55
"YOR384W",571.289655548303,-0.0587018051062569,0.0442403063682746,-1.32688513993549,0.184546680718054,0.239211723508479
"YOR385W",177.571248220847,-0.854641629565141,0.0929508469310403,-9.19455451760644,3.76551603330159e-20,2.5221991035133e-19
"YOR386W",337.472463742182,-0.194161044870939,0.0656389949514381,-2.95801367791487,0.00309628384688461,0.00548104389673681
"YOR387C",62.1760486015205,0.407848061672362,0.0999074187646945,4.08226002348175,4.45998557863666e-05,9.83971802291264e-05
"YOR388C",30.4690837163221,0.475261242352339,0.101251404988018,4.69387306189561,2.68080418429635e-06,6.65508913164006e-06
"YOR389W",187.350067607091,0.322343490962203,0.052183272091877,6.17714217680074,6.52722899789951e-10,2.20209947408292e-09
"YOR390W",117.232768511199,-0.217364682035938,0.0633527450270307,-3.43102231707869,0.000601311129230692,0.00116848001637795
"YOR391C",7.53858121412806,0.935471346173995,0.201818732219581,4.63520574074458,3.56582641783341e-06,8.75734378017708e-06
"YOR392W",1.02058416636964,-0.0716467038731767,0.505496718438597,-0.141735250219789,0.887289130357675,0.917016515584502
"YOR393W",21.8263261788241,1.40615768717056,0.165646597640638,8.48890171726405,2.08599039326729e-17,1.17234705190243e-16
"YOR394C-A",10.5865058594755,0.60071565966175,0.249694353837473,2.4058039376123,0.0161369225034522,0.0256898611203998
"YOR394W",5.4003508231874,0.384051683825267,0.231374973262764,1.65986700467,0.0969412105214932,0.134068875588531
"YOR396C-A",0,NA,NA,NA,NA,NA
"YOR396W",1301.87252103659,0.395912103920531,0.0865578923217419,4.5739573053477,4.78597406682764e-06,1.16458137975619e-05
"YPL001W",190.195425082007,0.134494330955744,0.053846185012055,2.49775041492046,0.0124984155683261,0.0202488461362495
"YPL002C",269.392681292614,-0.0444154134115479,0.0413038605279305,-1.07533322173392,0.282225567493735,0.348989695989466
"YPL003W",681.329111989761,0.369341130446132,0.0327848830579629,11.2655924315224,1.94042473034601e-29,2.1120540696282e-28
"YPL004C",8743.77608507556,-0.116976797829778,0.0411923867603564,-2.83976741892404,0.0045146436799709,0.00780699695186522
"YPL005W",172.723787132635,0.21549092423805,0.0548960846004955,3.92543340397186,8.6573719987797e-05,0.000184835698260725
"YPL006W",784.002076466047,0.256433526050558,0.0439443188324698,5.83541929568113,5.36554630732135e-09,1.68229685724993e-08
"YPL007C",302.91223772882,0.195376238089861,0.0375141386020501,5.20806942050335,1.90815540155382e-07,5.26522302739218e-07
"YPL008W",369.362300218053,0.0787501834030058,0.0502489135537616,1.56720171310272,0.117067550171783,0.158681315789496
"YPL009C",1421.54569605084,0.154673739499856,0.0655655149071113,2.35907152897354,0.0183207240422575,0.028905564377681
"YPL010W",940.612681999529,0.0143012043678091,0.0369945961507051,0.386575496311684,0.699070501355725,0.758024271567786
"YPL011C",399.100630705104,0.258329818171943,0.0333815175961241,7.73870802692137,1.0043211947407e-14,4.76463827491123e-14
"YPL012W",736.726350935499,-1.32898251084239,0.143393370036725,-9.26808896744681,1.89510793659269e-20,1.28818651144478e-19
"YPL013C",546.394088322453,0.178228879854147,0.0533967019283699,3.33782562251196,0.000844367217444242,0.0016067502320329
"YPL014W",500.423674940717,-0.0292798436662095,0.0671908363087206,-0.435771383045121,0.663002608535422,0.724856157678825
"YPL015C",1079.91652610925,0.557963727112123,0.0482345362330878,11.567722438873,6.0055750813229e-31,6.8853918307367e-30
"YPL016W",369.022581216594,0.346000870565756,0.0881969488952584,3.92304807478842,8.74356956757488e-05,0.000186502372264644
"YPL017C",286.911647034625,-0.613237970492365,0.0598090813179783,-10.2532584848119,1.14419885247218e-24,9.91302758961724e-24
"YPL018W",111.18435811529,-1.23497664428994,0.0614003796636446,-20.113501757729,5.62118472513469e-90,2.0351647223264e-88
"YPL019C",2073.07439617883,-2.52561647332099,0.0506223348775645,-49.8913469603776,0,0
"YPL020C",656.844858156171,0.466026023564304,0.0652909980346255,7.13767651885423,9.4921686670272e-13,3.95258040317676e-12
"YPL021W",1.89772929757097,0.34616847895244,0.372978581074328,0.928118922956207,0.353345884833025,0.425090301113392
"YPL022W",848.520223034403,-0.0880270430620662,0.0447001270323293,-1.96927948321938,0.0489210058694667,0.0717236997817693
"YPL023C",1169.49338644567,-0.0127543490698359,0.0409325622273591,-0.3115942021658,0.755348941028208,0.806088328472392
"YPL024W",274.494083825251,0.566842595669654,0.0433937467735645,13.0627714317348,5.37353122447172e-39,8.21433806514243e-38
"YPL025C",123.73752985664,3.60870899058797,0.0952618700517513,37.8819877105869,0,0
"YPL026C",629.712830078029,-0.268127853443079,0.0504291049221147,-5.31692668067754,1.05534567985709e-07,2.97773705157379e-07
"YPL027W",25.0869464073878,1.60209261068407,0.127038682108225,12.6110613247643,1.83505040243236e-36,2.56571376388866e-35
"YPL028W",5318.06395132686,0.192765620028121,0.0552519136770426,3.48884965604759,0.000485103908675377,0.000955347777777819
"YPL029W",256.640079827994,-0.182258251882453,0.0570446568503935,-3.19501004906466,0.00139825971851874,0.00259472042182098
"YPL030W",310.402953584374,-0.305818716892674,0.0940483189323842,-3.25171912017419,0.00114709318599661,0.00214951076722165
"YPL031C",945.347062981781,0.284612797838164,0.0638826344814376,4.45524515619129,8.37973829410556e-06,1.989790118231e-05
"YPL032C",1232.10542767388,-0.28814296562143,0.0375299232819976,-7.67768597490437,1.61987982565005e-14,7.5907038968983e-14
"YPL033C",5.24416604386233,0.27298256403492,0.229657721527577,1.18864962266091,0.234577572216931,0.295596101718313
"YPL034W",90.4160102072909,0.182597982330819,0.0763129095409161,2.39275351220774,0.016722471118621,0.026554450328946
"YPL035C",33.8275554100488,-0.0321696773361241,0.112163821223267,-0.286809748324185,0.774257998312801,0.822312918078393
"YPL036W",397.963396727337,-0.60871763756404,0.0542406041342151,-11.22254531048,3.16041014392816e-29,3.39164764119841e-28
"YPL037C",6833.02802842341,-0.177980269230545,0.0671975739902354,-2.64861152958302,0.00808231760256878,0.0134914493540574
"YPL038W",218.124352328857,-0.179159876250295,0.0529065266500797,-3.38634734869758,0.000708296700691909,0.00136137831910021
"YPL038W-A",5.05071981148115,0.0448072995293826,0.289661694266311,0.154688384471671,0.877066987614179,0.909002677828832
"YPL039W",278.72356231089,0.0127982804183174,0.0657730271860012,0.194582505410992,0.845719799928223,0.88313050820113
"YPL040C",333.646340905873,-0.468151966580379,0.0390709098655707,-11.9821106851907,4.40951997975119e-33,5.54535428532147e-32
"YPL041C",119.445343005799,0.117908905598794,0.0564815626642891,2.08756450843281,0.0368371363428822,0.0552195818049001
"YPL042C",456.764876275631,0.0769958059247747,0.0498144768346653,1.54565120056012,0.122188828671452,0.16484348939614
"YPL043W",734.018577758753,-0.884998015734476,0.139749377132793,-6.33275105686897,2.40827966022056e-10,8.43081719219197e-10
"YPL044C",0.0850319278634996,-0.143625404452691,1.89301469555076,-0.0758712569903767,0.939521524526645,0.954366297581038
"YPL045W",445.278082711775,-0.0691465487115545,0.0476975620056505,-1.44968727549142,0.147145745703574,0.195144704972988
"YPL046C",82.5236786198865,0.297067484733797,0.0743623327075099,3.99486506027528,6.4731110087108e-05,0.000140424253008267
"YPL047W",182.010251291234,-0.37498795156707,0.0505266530947411,-7.42158699615312,1.15725200247915e-13,5.15591743850653e-13
"YPL048W",4331.86348013479,0.162181707011053,0.0580999224674927,2.79142725365589,0.00524761521892892,0.0089931103864006
"YPL049C",2344.50123163895,-0.174872718892084,0.060550502952621,-2.88804733841627,0.00387641528230087,0.00676970315484837
"YPL050C",1432.31385630463,0.156245640325909,0.035176255247373,4.44179288634135,8.92124095852245e-06,2.11181061781404e-05
"YPL051W",289.610236235122,0.110455313760515,0.0418557604952884,2.63895130451514,0.00831629255574505,0.0138484087366183
"YPL052W",246.971587386817,-0.0231609505972221,0.0662980947116535,-0.349345644063449,0.726829835350147,0.781594878438903
"YPL053C",1085.77350360578,0.185995296943152,0.0317345443683391,5.86097266071718,4.60163742139939e-09,1.45271518227657e-08
"YPL054W",261.699089688183,-0.042640372203135,0.151116728932612,-0.282168443588729,0.777814353936324,0.825325457462282
"YPL055C",849.030064565963,0.140579421412697,0.0801531112443006,1.75388602176928,0.0794500392227397,0.11167487123278
"YPL056C",225.392184717959,-0.760433212789954,0.0794666262084026,-9.5692147643931,1.07720686295227e-21,7.84968857017864e-21
"YPL057C",1260.86784476758,-1.18313590118941,0.0320350752444526,-36.9325151310294,1.39014114144161e-298,1.5937968186628e-296
"YPL058C",632.700389292185,-0.358076623566882,0.0705547428658151,-5.07516020925613,3.87169648098951e-07,1.03753019449656e-06
"YPL059W",551.080796074536,-0.0966681428524697,0.0397278174505165,-2.43326084985353,0.0149635165871978,0.0239604354290814
"YPL060C-A",41.3014964780353,-1.02063443016739,0.10292510412276,-9.91628270737596,3.53683824764045e-23,2.79975952882838e-22
"YPL060W",175.175865089097,0.733224680113002,0.0464876597807927,15.7724584023038,4.81389436723938e-56,1.09289700832474e-54
"YPL061W",12544.2623547527,-1.39093877372959,0.105543372033898,-13.1788358371083,1.16169601863543e-39,1.80798798918396e-38
"YPL062W",44.6216143118199,2.66837076546834,0.131885800071228,20.2324341515707,5.07355191245053e-91,1.85643423434826e-89
"YPL063W",1597.47661862562,-0.0458218955066464,0.033637744389026,-1.36221665093559,0.173129522470325,0.225859659600487
"YPL064C",573.118836309202,0.186742877254036,0.0299733995796975,6.23028685009511,4.65581892144212e-10,1.59897046233651e-09
"YPL065W",196.004606271513,0.0253780152954484,0.055922011128872,0.453810848057036,0.64996497502212,0.713095544366374
"YPL066W",487.194430084067,-0.395322934548844,0.0664295994445669,-5.95100584459683,2.66499567562134e-09,8.56659123953235e-09
"YPL067C",344.268867952971,-0.0404104165251719,0.0727821042919437,-0.555224624491174,0.57874102786808,0.649243237231657
"YPL068C",105.294603669406,-0.129173372476984,0.0754712212246951,-1.71155800026615,0.0869781538937169,0.121437532095571
"YPL069C",174.266514835028,-0.338744546702998,0.0569115364052246,-5.9521244390777,2.64683995985235e-09,8.5122076128211e-09
"YPL070W",900.271945977178,0.075017053491468,0.0379677361616258,1.97581054535688,0.0481762386348965,0.0706619073708855
"YPL071C",332.974371830698,0.321863888500457,0.0570715720183518,5.63965345823941,1.70392737393126e-08,5.12967895197949e-08
"YPL072W",191.631760281794,-0.306460937915107,0.0435019356117928,-7.04476556284612,1.85774019727149e-12,7.6022574759254e-12
"YPL073C",2.17641257822764,-1.46767379508595,0.38624263800745,-3.79987513200869,0.000144769014802927,0.000301412243592414
"YPL074W",490.343960512043,0.291598563278197,0.0535822922504929,5.44206959110666,5.2665092223371e-08,1.53185272475505e-07
"YPL075W",770.041716622656,-0.961609166292031,0.0475866945550173,-20.2075217722943,8.4064142850824e-91,3.05966792947523e-89
"YPL076W",200.340417597081,-0.390964101068999,0.0512382768286457,-7.63031322026084,2.34184030937064e-14,1.08701211121192e-13
"YPL077C",140.485728351456,-0.00974013997638867,0.0570548734149431,-0.170715302539566,0.864447629779865,0.899083042826684
"YPL078C",1561.56467265983,0.188179342980573,0.0402472542166051,4.67558213953722,2.93120921315635e-06,7.25838307318306e-06
"YPL079W",13281.2326920268,-0.451148126918623,0.101554973061669,-4.44240309772583,8.89597008822807e-06,2.10727886490775e-05
"YPL080C",13.3508813008052,0.229726349628962,0.213908842623938,1.07394508245193,0.282847295985775,0.349632803070287
"YPL081W",826.970518798956,-0.191942396832274,0.0796285350378017,-2.41047253652417,0.0159318707489867,0.0253928032628081
"YPL082C",491.683421267036,-0.765334783286984,0.0584004445344307,-13.1049479055895,3.08473965919085e-39,4.74718660303666e-38
"YPL083C",159.464237514475,-0.236928178192274,0.076508564209409,-3.09675368555846,0.00195652371701294,0.00355962090699075
"YPL084W",909.056295282582,0.154698511710196,0.0462896578612003,3.34196705825867,0.000831869326224464,0.00158428269520988
"YPL085W",1408.89144981008,0.0892850487189381,0.0450975681686234,1.97981958550612,0.0477238048104399,0.0700580566135331
"YPL086C",601.393022701947,-0.869483488386725,0.0807068623366652,-10.7733526395774,4.59941520250811e-27,4.48149818386024e-26
"YPL087W",1018.17766188261,-0.276409862892724,0.0811785777295751,-3.40496065123869,0.000661735881175948,0.0012768811014332
"YPL088W",706.354001438824,-0.775963401065023,0.103077467117483,-7.52796341202885,5.15378275739051e-14,2.35410833918256e-13
"YPL089C",1603.29350235051,-0.129208489800547,0.0576438683282551,-2.24149581816342,0.0249939761053992,0.038576073957604
"YPL090C",13972.5509800173,-0.454286993446052,0.0602928173582174,-7.53467847997547,4.89539510395122e-14,2.24054710047109e-13
"YPL091W",2040.84129464975,0.175210796534267,0.041153321672911,4.25751286680703,2.06713766602762e-05,4.71792966310683e-05
"YPL092W",573.866394218983,-0.633910520259325,0.122891820643344,-5.15828081104809,2.49227642639863e-07,6.81413733592854e-07
"YPL093W",1057.71353494301,-1.56825158767254,0.133203479169953,-11.7733530493721,5.35528096281769e-32,6.35154788676257e-31
"YPL094C",1561.83143687647,0.0286469979605699,0.0247186193363209,1.15892386912066,0.24648721851304,0.308793585166856
"YPL095C",635.493025241564,-1.98477148602726,0.0509443942833703,-38.9595658942823,0,0
"YPL096C-A",201.27569816042,0.128424329454516,0.0813382314620931,1.57889257174675,0.114360700131792,0.15537966743168
"YPL096W",482.738893973825,0.191307732432176,0.0358169378239409,5.34126433065144,9.23005532735792e-08,2.61613311070849e-07
"YPL097W",244.185026965573,0.185876352037467,0.0504342825409152,3.68551593624185,0.000228239799135159,0.00046547927016032
"YPL098C",589.881036628903,-0.00775102626496567,0.0613949670744547,-0.126248561312296,0.899535172483,0.925501413627065
"YPL099C",224.335541937947,0.0528318962543032,0.0496877165666794,1.06327881224738,0.287655530722987,0.354874891650543
"YPL100W",484.382713821677,-0.0652029833398377,0.0331801588265993,-1.96511968735867,0.049400386487931,0.0722878661243304
"YPL101W",462.605155248849,-0.0888628077328527,0.0430598619931946,-2.06370396047477,0.0390457936246234,0.0582637775149207
"YPL102C",0.419296900241372,0.138985539804483,0.746510553258929,0.186180274609294,0.852303392091222,0.888871290811934
"YPL103C",303.194928942669,-0.234878456210952,0.0539883840146558,-4.35053688858683,1.35804605379917e-05,3.16356207385184e-05
"YPL104W",351.085485993502,-0.286566238721971,0.0337731544004051,-8.48503030911835,2.15662511500106e-17,1.21006722398795e-16
"YPL105C",1673.51149671566,-0.216920412111984,0.046208490228664,-4.69438432284949,2.67410877442383e-06,6.64086435352401e-06
"YPL106C",9776.39000387643,-0.221174275991204,0.0450958061851231,-4.90454201180614,9.36455777881897e-07,2.42266991201563e-06
"YPL107W",271.074980236331,0.59708061127666,0.0440655507686586,13.5498274924849,7.94165552956059e-42,1.32598661135552e-40
"YPL108W",112.142721375424,0.0722881216891806,0.0597047026200599,1.21076093702697,0.225987040304569,0.286081128129394
"YPL109C",257.156583130069,-0.159768413175978,0.0556903574700383,-2.86887031138082,0.00411940667225948,0.00716133396473918
"YPL110C",733.116073082162,-0.297047465727846,0.0705897713536434,-4.20808085975637,2.57548712637726e-05,5.82022862757857e-05
"YPL111W",1214.24434342388,0.160281021920265,0.0698231307363401,2.29552900636186,0.0217028260578681,0.0338304419787162
"YPL112C",489.724151528117,0.235154445859642,0.038819566080463,6.05762685168162,1.38144394091431e-09,4.5338515598996e-09
"YPL113C",113.962528224761,0.483103859496121,0.0702061694203372,6.8812166150768,5.93435317242197e-12,2.33537845955897e-11
"YPL114W",1.36369365353817,1.39742278800431,0.518405799308915,2.69561565450697,0.00702586826230657,0.0118371167711014
"YPL115C",645.403229125263,-0.315841422287346,0.027480778067752,-11.493176121457,1.42764617860672e-30,1.60996361682551e-29
"YPL116W",617.125848873824,0.210551457310265,0.0492360774624208,4.27636538412239,1.89969339090302e-05,4.36035730264328e-05
"YPL117C",1099.53842468371,-0.385790510039518,0.051801596711665,-7.44746367929318,9.51517328909166e-14,4.2808945098536e-13
"YPL118W",805.292920131933,-0.0515140677845653,0.03851872596948,-1.33737724932497,0.181099526838047,0.235186642461568
"YPL119C",252.30914434316,0.0535500998073961,0.0551271337051284,0.971392782614679,0.331352721215958,0.401581284222089
"YPL119C-A",35.6892718929316,0.523180762798571,0.170068081440004,3.07630190432375,0.00209585516164771,0.00380205370700806
"YPL120W",181.070194170002,-0.0190058715928052,0.0510884349477378,-0.372019060913643,0.709878657711728,0.766963292979264
"YPL121C",4.77644507115241,0.28061075356836,0.25234767314367,1.11200055888211,0.26613791004192,0.33064773433301
"YPL122C",303.897438716883,-0.313506600210546,0.0639830382891114,-4.8998392166678,9.59151150676308e-07,2.47672701407745e-06
"YPL123C",358.381075405535,0.335510667031785,0.0789485756670525,4.24973679635114,2.14021850428284e-05,4.87986844247983e-05
"YPL124W",119.540143036642,0.570692828047157,0.0614526712416843,9.28670497988128,1.59138576558978e-20,1.08602605967184e-19
"YPL125W",562.472262987317,-0.273678288897115,0.0602939253335062,-4.53906902533394,5.65031391334477e-06,1.36476507759476e-05
"YPL126W",811.793080661629,-1.1584865144405,0.106184937415123,-10.9100833191762,1.03161754676349e-27,1.03296901079855e-26
"YPL127C",1264.39325514409,0.183089631786171,0.0378406337500509,4.83843988965762,1.3086226015153e-06,3.33655110297396e-06
"YPL128C",250.372452225418,-0.12360427710799,0.0503356539753932,-2.45560089809133,0.0140649263023605,0.0226163225885782
"YPL129W",934.910286249701,-0.0966647041297512,0.0288547925397527,-3.35003982428839,0.00080799942564548,0.00154266668027068
"YPL130W",33.477476607077,-0.0696735450578789,0.270698459692157,-0.25738434247876,0.79688208872728,0.842180348495154
"YPL131W",22563.6083102935,-0.379850683741599,0.0465950869205161,-8.15216171588141,3.57475818116002e-16,1.87144303867578e-15
"YPL132W",228.254448439502,-0.475840683108313,0.0514718287211015,-9.2446818955402,2.35941468586417e-20,1.59591087748866e-19
"YPL133C",301.988106738505,-0.14067774907109,0.049628873646402,-2.83459483834748,0.00458838365951256,0.00792649088278957
"YPL134C",565.70348237392,1.38239997215195,0.063080237024847,21.9149457477059,1.87117135638331e-106,7.84865107351267e-105
"YPL135C-A",0,NA,NA,NA,NA,NA
"YPL135W",826.184395798829,0.0786893283413004,0.0698556816977734,1.12645566443321,0.259972696698282,0.323918163482609
"YPL136W",1.55219023028304,0.0557356663040203,0.446058831283174,0.124951379493342,0.900562042114515,0.926003929402952
"YPL137C",950.657545934504,-0.135946334171012,0.0410687938978025,-3.31021004681334,0.000932259840721097,0.00176375562275039
"YPL138C",283.031789090535,0.235639921250347,0.0389989451958675,6.04221268208341,1.52014895852368e-09,4.97483572106773e-09
"YPL139C",525.142647166012,0.0805643836665204,0.0335924960587229,2.39828512670467,0.0164720376507096,0.0261930529355598
"YPL140C",339.911175721962,-0.168093939553237,0.033590504627801,-5.00421001160296,5.6091580226118e-07,1.47836774090217e-06
"YPL141C",361.479479313713,-0.14574552953541,0.0605297233554088,-2.40783405996496,0.0160474732050558,0.0255592887653574
"YPL142C",45.5258895525423,-0.202566648420758,0.310852397357933,-0.651648982418851,0.514627641239654,0.58718254172957
"YPL143W",292.639454753032,-0.296408663071507,0.127803084588819,-2.31926063463291,0.0203809085133708,0.0319362801055758
"YPL144W",159.106833833847,0.417334052835525,0.0581101342655326,7.18177746636291,6.8810861390694e-13,2.88804097319453e-12
"YPL145C",1324.63309880079,-0.485612911614833,0.0408877420268057,-11.8767358514557,1.56354391661777e-32,1.90702457489603e-31
"YPL146C",660.104559379461,-0.600512113639311,0.131539752976659,-4.56525194893643,4.9889479413023e-06,1.21225619527441e-05
"YPL147W",285.114995933999,0.79114899866052,0.0863873909278309,9.15815363982292,5.27928149281507e-20,3.49866834191473e-19
"YPL148C",109.906367766342,0.390333273286497,0.0661461374641804,5.90107432195676,3.61142163185197e-09,1.14907351551849e-08
"YPL149W",473.95796493995,0.327289590533331,0.0966188796383969,3.38742895548195,0.000705509865929131,0.0013564009868848
"YPL150W",528.453408464308,0.301018775167087,0.0301336700753907,9.98944949002148,1.69520566839374e-23,1.36709493468705e-22
"YPL151C",515.725097567809,-0.0733129462957437,0.0375333186238576,-1.95327642168959,0.0507868498147958,0.0741431960687565
"YPL152W",205.213387707234,-0.00413152005676927,0.053040504404124,-0.0778936796168182,0.937912627071728,0.953396602418772
"YPL152W-A",1.89321589593822,0.675555008473595,0.4415634606145,1.52991601146857,0.126037519573603,0.169371380571756
"YPL153C",239.659630482449,0.687358661351706,0.0495171629538854,13.8812205778395,8.23299141856652e-44,1.46343018005992e-42
"YPL154C",8666.90119509555,0.221134764869944,0.0725269873149816,3.0489997317766,0.00229604686654329,0.00414553973620768
"YPL155C",461.37677158992,0.133006276125916,0.0485743360740766,2.73820059883227,0.00617763818002866,0.0104747283806796
"YPL156C",360.585011744386,-0.841949330640689,0.0950696516388929,-8.85613143759799,8.28391965289402e-19,5.07436182477809e-18
"YPL157W",301.853370385562,0.469086420181909,0.0811920825734343,5.77748969251581,7.58233653240372e-09,2.34211463881478e-08
"YPL158C",270.097528427477,-0.054147845021853,0.0534406826041532,-1.01323266064803,0.310949043535312,0.380202358777002
"YPL159C",438.134741668576,0.206080433515487,0.0381951647831886,5.39545868397959,6.83487195269678e-08,1.96149704474765e-07
"YPL160W",3065.72941355945,-0.275047504769883,0.0555388104466474,-4.95234778271139,7.33234075117393e-07,1.9156540838331e-06
"YPL161C",320.01637592892,0.0558784348198094,0.0420909179280694,1.3275651273584,0.18432181134113,0.238965273316177
"YPL162C",274.532440375265,0.300301925098197,0.0400515234030846,7.49789020696948,6.48531850049847e-14,2.94471986567188e-13
"YPL163C",1362.02308436032,-1.32051447008885,0.0747664617462648,-17.6618558541701,8.2482522896959e-70,2.38402216389992e-68
"YPL164C",325.182241852336,0.173739458536765,0.0417918580585627,4.15725614049764,3.22092795562263e-05,7.19609074593312e-05
"YPL165C",398.199050633956,0.304196242497356,0.0585409282148909,5.19630029405612,2.03293771978475e-07,5.60279590320485e-07
"YPL166W",101.22788141772,-0.26797725225853,0.075352797313105,-3.55630131612811,0.000376112682608047,0.000750588669469322
"YPL167C",329.821398084132,-0.11801974095557,0.0456631501554025,-2.58457291172249,0.00974996872533098,0.0160685277579185
"YPL168W",352.240863306944,0.167941613192209,0.0502815577611571,3.34002406985777,0.000837711290249864,0.00159496705386903
"YPL169C",913.082948955311,-0.0691969560112046,0.038923368316382,-1.77777409829357,0.0754409641819297,0.106591103110867
"YPL170W",844.419917993245,-0.104984702665639,0.0959489065419441,-1.09417299737277,0.273879111922883,0.339523231378179
"YPL171C",80.6433772012893,0.654887050476312,0.117250350097058,5.58537394501771,2.33197884544727e-08,6.94445128910466e-08
"YPL172C",430.144639814532,-0.211862312603929,0.0451039371788615,-4.69720219243345,2.63749332951818e-06,6.56177816049026e-06
"YPL173W",554.081823718413,-0.208792745873383,0.0374454125631265,-5.57592323282308,2.4622049667961e-08,7.31325905293195e-08
"YPL174C",317.430012108263,0.140865103788585,0.0630316087410915,2.23483275458195,0.0254283306104844,0.0392024845964864
"YPL175W",436.192827601778,0.0809738652676342,0.0394949585613414,2.05023294661444,0.0403417043673664,0.0601192773706918
"YPL176C",859.151131254406,0.194125148934404,0.0395751626086862,4.90522681748365,9.33194386423891e-07,2.41514077660269e-06
"YPL177C",711.91085887906,-0.449734489375013,0.0637418980432292,-7.05555534399065,1.71912741667935e-12,7.05601282776687e-12
"YPL178W",1187.83167688912,0.0323181247239491,0.0363506793551547,0.88906521961236,0.37396802967204,0.447162537130882
"YPL179W",1203.41564091036,-0.247841380200639,0.0384148804501649,-6.45170249903967,1.10600536320656e-10,3.99800887729792e-10
"YPL180W",595.156728464204,0.189610231749246,0.0395246974156523,4.79725954016179,1.6085112660328e-06,4.0815009218147e-06
"YPL181W",878.350853173758,-0.193328584280553,0.0272729747953724,-7.08865042156519,1.35426130158207e-12,5.59181482207866e-12
"YPL182C",20.4972372936685,-0.155495703425832,0.121865441091763,-1.27596225831363,0.201968861001529,0.259205931871179
"YPL183C",377.42762947246,-0.839664355112191,0.10125162864862,-8.29284789113002,1.10568697825121e-16,5.96083128792324e-16
"YPL183W-A",206.604109847004,-0.0784001178124566,0.0525135282898832,-1.4929508712436,0.135450047462368,0.18085420739395
"YPL184C",1373.81048827111,0.215746989054813,0.0248476412477248,8.6827955580922,3.86158119071366e-18,2.27235389314964e-17
"YPL185W",25.6728349220394,0.291723111684376,0.1291123331561,2.25945194044069,0.0238552866038268,0.0369845653702332
"YPL186C",185.913513771175,0.224678648086473,0.10371326087342,2.16634445966065,0.0302848746891866,0.0461416728653188
"YPL187W",3.76796837747955,1.5213783802512,0.304651547799206,4.993831120313,5.9193162950013e-07,1.55713104372137e-06
"YPL188W",337.793066812044,0.584873743796425,0.0426018459868411,13.7288356935773,6.82210107901442e-43,1.17912646539046e-41
"YPL189C-A",256.466379860813,0.0524264966680348,0.0522054502345003,1.00423416391472,0.315265758515616,0.385012607129129
"YPL189W",61.9094053933667,-0.258404760273705,0.0863192855866094,-2.9935924343863,0.00275713977638813,0.00492504921365202
"YPL190C",1520.80752566929,-0.310687352301869,0.0444608172233278,-6.98789117485804,2.79048695886367e-12,1.12585101407761e-11
"YPL191C",171.287574450713,0.159999554701487,0.0673169168302925,2.37681049928133,0.0174630570196205,0.0276538603218162
"YPL192C",56.4787937660524,-0.396605497964071,0.116001498784088,-3.41896873851835,0.000628589477773857,0.0012173612099117
"YPL193W",318.970646680619,-0.287235196289812,0.0746819095168093,-3.84611478399815,0.000120005561061241,0.000251835953184954
"YPL194W",169.603589221347,0.320274086229954,0.0501379894602243,6.38785259795938,1.68231378353059e-10,5.98997749322304e-10
"YPL195W",776.037724447312,-0.102608064131745,0.077459012832365,-1.32467559783917,0.185278770079531,0.240115421887169
"YPL196W",584.715237806725,0.147195275099632,0.0510716730059894,2.88213145244665,0.00394994910447322,0.00688937623977466
"YPL197C",34.3843217095363,-0.856046551935392,0.173470105130859,-4.93483618569104,8.0218059756685e-07,2.08864509109098e-06
"YPL198W",2830.43806524671,-0.510822821223678,0.0775152001483733,-6.58996971233903,4.39916310096336e-11,1.63224611496909e-10
"YPL199C",766.336803185209,0.0820051947786688,0.044169875163891,1.85658651907869,0.0633700033530794,0.090817136055382
"YPL200W",10.8907525309403,-0.393360566030581,0.189075903849502,-2.08043731655877,0.0374854394926432,0.0561180279151018
"YPL201C",49.7301992861425,-0.0709460494731314,0.132156290931308,-0.536834447858465,0.591381974445516,0.660087068345077
"YPL202C",324.060072352185,-0.027684954833207,0.0430852375438875,-0.642562427676222,0.520508069373204,0.592908595664559
"YPL203W",1019.26235283616,-0.0589587469799481,0.0555311653124661,-1.06172356816565,0.288361196730789,0.355617904681086
"YPL204W",1895.83113495638,-0.120138314898189,0.0315510374727581,-3.80774530796075,0.00014023959880849,0.000292690594721966
"YPL205C",45.6631690061278,-0.520879415801153,0.135691341345646,-3.83870783968682,0.000123683494489724,0.000259158927381911
"YPL206C",939.020621372593,0.377025252183557,0.0577387449037401,6.52984842001881,6.58362865818161e-11,2.40513975250299e-10
"YPL207W",1430.7817479915,-0.432848274117045,0.0764882118998003,-5.65901938829577,1.52240357643706e-08,4.59728454886328e-08
"YPL208W",367.374568572576,0.0336331888301579,0.0365273515659474,0.920767243949666,0.357171960072121,0.429242822036359
"YPL209C",67.9502148695096,0.305017269626852,0.0874597751094185,3.48751490894247,0.000487531740915354,0.000959579641132108
"YPL210C",877.011678035301,-0.217492944058895,0.0800374751713207,-2.71738886806899,0.00657992483720311,0.0111239378115311
"YPL211W",917.512806919699,-0.693392337857021,0.0714860294574199,-9.69969017890461,3.02415529358199e-22,2.27605735936001e-21
"YPL212C",753.994878435369,-0.648873174793494,0.0929028864257812,-6.98442427094953,2.86026475070537e-12,1.15332715240927e-11
"YPL213W",225.193746891192,0.228815786504468,0.0457761230239508,4.9985837897357,5.77529101676605e-07,1.52040669362165e-06
"YPL214C",593.747143494544,0.0790533327468387,0.0389131349031914,2.03153338695298,0.0422009162668952,0.0626186589732468
"YPL215W",571.26867131346,0.0194322577432571,0.0424720375946401,0.457530621175318,0.647289697937398,0.710840650081635
"YPL216W",252.972976386448,-0.167453025569636,0.0478273747297737,-3.50119626083914,0.000463174611160859,0.000915568433958491
"YPL217C",1256.10401722012,-0.547169441014916,0.113398738877312,-4.82518100670331,1.39876174541892e-06,3.55977878162662e-06
"YPL218W",2802.55692913509,0.316768934977242,0.0331044847417248,9.56876198039678,1.08193431813701e-21,7.87579489361323e-21
"YPL219W",261.429544097285,0.0884972123727859,0.0377828024255834,2.34226173527199,0.0191672679548847,0.0301719991445428
"YPL220W",13878.3060069131,-0.184220072833717,0.0705880298806072,-2.60979195970346,0.00905973004759319,0.015002860615646
"YPL221W",2064.16195018934,-0.540166065849987,0.0409084485970147,-13.2042667071321,8.29030881263542e-40,1.30203274708034e-38
"YPL222C-A",0,NA,NA,NA,NA,NA
"YPL222W",348.651981931256,0.986782371923863,0.0794424324034143,12.4213514373894,2.00151573155267e-35,2.69969151320604e-34
"YPL223C",154.160443838885,0.725082321307417,0.110133354066434,6.58367601217373,4.58956670962749e-11,1.70197463048666e-10
"YPL224C",1109.21848287108,0.319590505016967,0.053621948190689,5.96006888598018,2.52131625818576e-09,8.11991317418533e-09
"YPL225W",1124.57610217764,0.0988897287944552,0.0475797925984338,2.07839764307233,0.0376727496267421,0.0563861716019058
"YPL226W",3167.10532728722,-0.859997419234493,0.076201771897718,-11.2857929391567,1.54244341107188e-29,1.68153220677709e-28
"YPL227C",506.354821540675,-0.180384212750324,0.0366531408168482,-4.92138487262754,8.59339479212231e-07,2.22735353334625e-06
"YPL228W",555.27187837669,0.0702412920443577,0.043578546966882,1.6118318974182,0.106998525026371,0.146417913995704
"YPL229W",193.198563807286,0.279991496330148,0.0625669224995002,4.47507221299537,7.63854915360156e-06,1.82133724879116e-05
"YPL230W",473.892237582915,-0.861042082104164,0.0884430691643985,-9.73555181021199,2.1266032959343e-22,1.60934038203873e-21
"YPL231W",13952.8585159474,-0.419926641499604,0.0602162235896537,-6.97364624459372,3.08830076289609e-12,1.24236379812644e-11
"YPL232W",2425.56542729175,0.643557334101044,0.0553980124979166,11.6169751419376,3.37888568421561e-31,3.89335923311879e-30
"YPL233W",259.342013081238,0.09299555289563,0.0762655089979762,1.21936579349517,0.222705386921085,0.282290465566638
"YPL234C",2910.60295095194,0.234438479988231,0.0453121809520813,5.17385116015836,2.29317521510357e-07,6.28977364621111e-07
"YPL235W",1259.34676630464,-0.38475958714272,0.0406931750906549,-9.45513802463351,3.22596081853434e-21,2.27603943289208e-20
"YPL236C",268.194409967099,0.05073108443751,0.0438735835203447,1.1563013633018,0.247557910911233,0.309965575019725
"YPL237W",2130.51017926737,-0.0517709087907673,0.0541969164898186,-0.955237163732239,0.339457775905742,0.409887667273231
"YPL238C",4.06957773670241,-0.697229770549137,0.25154435833085,-2.77179649416779,0.00557478769854262,0.00951587210379025
"YPL239W",500.397297040577,-0.344843402603916,0.0656665217855846,-5.25143396097488,1.50919643114125e-07,4.20314261126343e-07
"YPL240C",1803.39219739131,-0.504216871303602,0.0832907004394106,-6.05369949638486,1.41556570477727e-09,4.64362254800326e-09
"YPL241C",148.931135001075,0.625411148802355,0.0657690576685001,9.50920038956091,1.92133671433367e-21,1.37819345754967e-20
"YPL242C",537.140251236508,0.0676626360910575,0.0684035132633518,0.989169018710458,0.322580453709866,0.392470983563878
"YPL243W",1184.83812614901,-0.206111073149435,0.0554203615306482,-3.71904959579618,0.000199973788291935,0.000410387735578825
"YPL244C",667.319419025767,0.101415870937715,0.0261430031251934,3.87927394768136,0.000104768711880382,0.000221346427833276
"YPL245W",549.298299348516,-0.820647083634408,0.0738995704802559,-11.1048965278312,1.1875481072278e-28,1.23962722755995e-27
"YPL246C",1307.38790179794,0.14343336663548,0.0369446607427732,3.88238418628698,0.000103437284060055,0.000218667817163221
"YPL247C",1078.81932279796,-0.286477674063914,0.058826918430921,-4.86983989141497,1.11688710313238e-06,2.8678859210331e-06
"YPL248C",368.434033419574,0.0487504593426953,0.0437757932302366,1.11363965665441,0.26543380636863,0.329945636792519
"YPL249C",760.283292271464,0.321330150678187,0.0522100586536371,6.15456406226049,7.52842885391807e-10,2.52624693102938e-09
"YPL249C-A",65.2169442224335,-0.116378966235386,0.0678203755495371,-1.71598823056327,0.0861641965727704,0.120349950908444
"YPL250C",552.063598653752,0.421831268662598,0.175830256492374,2.39908237113271,0.0164362168687562,0.026148181276636
"YPL250W-A",0.451880357090423,-0.307805578147014,0.816766462825428,-0.376858737664407,0.70627858697246,0.764274091518571
"YPL251W",1.82777577073799,0.0552515886072318,0.415684006589175,0.13291728267486,0.894258798582993,0.9214509100438
"YPL252C",299.342320596747,0.0281644244926121,0.0922621600036886,0.305265175793479,0.760164196557498,0.80997049382265
"YPL253C",121.093983033022,-0.0993474376481272,0.0801912153263177,-1.23888180574216,0.215389272541706,0.274585397667604
"YPL254W",402.369785575427,-0.141414434995913,0.0530654903012844,-2.66490395533931,0.00770103135386317,0.0128887479613102
"YPL255W",323.90304685062,0.44319387150339,0.0386878413906291,11.4556371090463,2.20337128372318e-30,2.48068593465331e-29
"YPL256C",667.254851492272,-0.480901418197523,0.0488430093808671,-9.84585971039497,7.14259302849042e-23,5.55185281841645e-22
"YPL257W",55.7361826194314,-0.286273735342829,0.0903780473139786,-3.16751405734954,0.00153748276747114,0.00283092718346734
"YPL257W-A",0,NA,NA,NA,NA,NA
"YPL257W-B",1373.48711195927,-2.50390107602978,0.045009565948473,-55.6304204065476,0,0
"YPL258C",151.207679337036,0.189225855332043,0.0520642251344065,3.63446982728633,0.000278552852509668,0.000563577962474708
"YPL259C",646.436791647774,0.0010019894687379,0.0406585109600218,0.0246440276606078,0.980338900956729,0.987083035667643
"YPL260W",1171.14569729761,-0.0543026832361047,0.0280079087937239,-1.9388339070953,0.0525215659304407,0.0764971103187596
"YPL261C",15.4273597859684,-0.332260291515278,0.168819512644337,-1.96813914642244,0.0490520297438388,0.0718851539428775
"YPL262W",1812.93518967661,0.0872529971791179,0.0540000631962403,1.6157943530924,0.106138782869121,0.145436228136779
"YPL263C",739.843021938162,-0.492674316888559,0.0852426496274398,-5.779669203642,7.48476446339274e-09,2.31613561599994e-08
"YPL264C",128.20382195494,0.401689018240264,0.0741381799295224,5.41811275407785,6.02314285672556e-08,1.73869910664772e-07
"YPL265W",2361.83509458946,-0.798709572916922,0.103348978118306,-7.72827740979324,1.09011588700424e-14,5.16453662996019e-14
"YPL266W",735.424374187396,-0.335355311190415,0.0769840447848574,-4.35616642549261,1.32360154197877e-05,3.08541342164417e-05
"YPL267W",142.415080101556,0.702791933323684,0.0778126975831814,9.03184126951007,1.68807155599113e-19,1.07620428486218e-18
"YPL268W",387.11851140574,-0.527475834698123,0.0329006688475425,-16.0323742092411,7.59256307412246e-58,1.78256796542281e-56
"YPL269W",224.837436535668,0.134030818042864,0.0522808733820824,2.56366830491396,0.0103572472056784,0.0169758168996574
"YPL270W",1091.49404604614,0.257698654787233,0.0381004567452958,6.7636631369006,1.34545715429121e-11,5.15047287944865e-11
"YPL271W",804.382430405222,0.428443942072453,0.0790007354646792,5.42329054979504,5.85117676320534e-08,1.69332120126586e-07
"YPL272C",218.494502907819,0.442859649697476,0.0459174164493112,9.64469876449505,5.17629461581208e-22,3.83703994204432e-21
"YPL273W",1453.45388165487,-0.378888747923081,0.0290538869419098,-13.0408970297375,7.16095381266253e-39,1.08502645985255e-37
"YPL274W",785.55781762206,0.213817959514073,0.0489042523283746,4.37217520632688,1.23014741243019e-05,2.87633720261974e-05
"YPL275W",20.5818472608909,0.203173058879487,0.128791831231691,1.57753063169035,0.114673479580969,0.155773867700926
"YPL276W",15.0362755408577,0.284422300468533,0.136213590552801,2.08806110546129,0.0367923229782434,0.0551644267147637
"YPL277C",121.262761674438,0.270876665542221,0.0839649483827837,3.22606838638588,0.00125503365805079,0.00234284302136537
"YPL278C",47.6120407540764,0.844623676208645,0.086169636131211,9.80187121740345,1.10518995475758e-22,8.53266183925635e-22
"YPL279C",111.17241775237,-0.113132402434241,0.0684584450487316,-1.65257043676216,0.0984183188974415,0.136002333406087
"YPL280W",9.94838651815533,1.09216193784275,0.184432560167946,5.9217414584942,3.18550155062841e-09,1.01684757154398e-08
"YPL281C",28.8917590383505,1.44544266960855,0.139971957847951,10.3266589382047,5.33878288339481e-25,4.7083958275478e-24
"YPL282C",10.7584095463186,0.55194334303914,0.182349002302886,3.02685145555306,0.00247115362328018,0.00444536238874068
"YPL283C",944.07341957158,0.505757402170024,0.055180310762207,9.16554102693486,4.92990506984061e-20,3.27660067395493e-19
"YPL283W-A",0,NA,NA,NA,NA,NA
"YPL283W-B",0,NA,NA,NA,NA,NA
"YPR001W",156.073106610231,0.620957040985066,0.0692561940183352,8.96608671306239,3.07236115994869e-19,1.93541871971493e-18
"YPR002C-A",60.7364813306276,-0.669274425922601,0.0756635145563758,-8.84540494644793,9.11969832747794e-19,5.57143914695566e-18
"YPR002W",151.080958078844,0.36274807013119,0.10486435841533,3.4592122205571,0.000541757862595596,0.00106024248557471
"YPR003C",497.124255770739,-0.114369844621176,0.0394079739084964,-2.90220057714051,0.00370551202431719,0.00648771117721505
"YPR004C",1013.13300900874,0.138280241950089,0.0306324959442072,4.51416829376056,6.35657262265108e-06,1.52677594522405e-05
"YPR005C",255.153040424927,0.159214468600138,0.0667999633222745,2.3834514374209,0.0171511472253685,0.0271724416774091
"YPR006C",364.252167329401,0.746071394814728,0.0622036204663538,11.9940188243268,3.81915932124219e-33,4.82941120787225e-32
"YPR007C",36.2593158617832,1.63472851317319,0.102662657707423,15.9233021010617,4.36708024632514e-57,1.00472056904584e-55
"YPR008W",1478.56763443755,0.179562689480575,0.0470333712311602,3.81777203675362,0.000134662265883457,0.000281391776127673
"YPR009W",401.895933618854,-1.24889638324278,0.04296225612211,-29.0696182177464,8.69554485362107e-186,6.04208616647064e-184
"YPR010C",2197.99541296944,-1.02933112837293,0.0876654500650106,-11.741582660097,7.80127277479569e-32,9.15784222147092e-31
"YPR010C-A",159.287395452087,0.391777053898293,0.0707077763372683,5.54079161009901,3.01107367928316e-08,8.91272626496938e-08
"YPR011C",520.939559020019,0.240040628585066,0.0469604234011906,5.11155162580967,3.19523477238044e-07,8.6433425085352e-07
"YPR012W",98.9671203286267,0.684930847301573,0.0942615304626029,7.26628184308243,3.69517207241643e-13,1.58770072992833e-12
"YPR013C",693.268029723955,0.578094529315568,0.0559878432222589,10.3253580785505,5.41165039485783e-25,4.76045307752263e-24
"YPR014C",82.4717267868311,0.743735595898703,0.0784292092097383,9.48289041025235,2.47335180664367e-21,1.76312819460123e-20
"YPR015C",167.449276884461,1.82737572380571,0.0668035857732697,27.3544556426626,9.55835674596788e-165,5.87070857638509e-163
"YPR016C",2232.44740877459,-0.5229744223396,0.0648326420903506,-8.06652953632191,7.23245912101797e-16,3.71007354910385e-15
"YPR016W-A",89.6355683359424,-0.352736753847705,0.0960677213894878,-3.67175101840505,0.000240894312027411,0.000489401055061004
"YPR017C",273.63314237053,0.342323966202626,0.043536446367699,7.86292852915543,3.75255145080076e-15,1.8230085755691e-14
"YPR018W",407.581988639197,0.550685263689245,0.0527622090728879,10.4371153779499,1.67833262987545e-25,1.50328778136891e-24
"YPR019W",897.034955979113,0.288024571206725,0.0301230351248752,9.56160526363687,1.15944154445544e-21,8.42217358427561e-21
"YPR020W",201.281082418547,0.243756202929935,0.0954632909755128,2.5534024695677,0.0106676150042407,0.0174471049962367
"YPR021C",287.327892607941,-0.201223542524695,0.0795067758161702,-2.53089803301734,0.0113770917431343,0.018536952653013
"YPR022C",578.408696392194,-0.100615961170124,0.0480508373748195,-2.09394813216825,0.0362646009387367,0.0544681637243602
"YPR023C",1289.76860742619,0.542821474691117,0.0457205619168083,11.8725897481054,1.64301494558113e-32,2.0004070461332e-31
"YPR024W",1319.51254555714,0.0129028053891078,0.0474493797656853,0.271927798694618,0.785677536084695,0.831360678468945
"YPR025C",367.487250686628,0.206824027303723,0.0693155034887308,2.98380617457894,0.00284687049363179,0.0050747919475753
"YPR026W",636.781487897022,0.435300719520126,0.0680225885967464,6.39935539796476,1.56034271644095e-10,5.57010770440959e-10
"YPR027C",356.74571281552,0.273215325301803,0.0596020019652839,4.58399577686906,4.56173453421315e-06,1.1115895097716e-05
"YPR028W",2914.18479494416,-0.0256935802827236,0.0453723839737679,-0.56628235134346,0.571201855852128,0.641937194315764
"YPR029C",1060.22648879364,-0.235123159294051,0.0221874291342109,-10.5971339839239,3.07252102751823e-26,2.87172175927961e-25
"YPR030W",396.499891773499,0.0505547944841227,0.0898961978438509,0.562368550580259,0.573864941767982,0.644298504067561
"YPR031W",180.546712993133,-0.153657621178175,0.0907771212043736,-1.69269105628756,0.0905142885508009,0.125812849250548
"YPR032W",420.020974441297,-0.25092721746128,0.0305546329959355,-8.21241143674216,2.16789949421275e-16,1.15158151511116e-15
"YPR033C",2784.06135756514,0.036754797434025,0.0384144970365073,0.956794967251425,0.33867075297297,0.409224681134913
"YPR034W",1043.29875488584,0.122793101540965,0.0610504425165704,2.01133843555084,0.0442897213269464,0.0654498373808946
"YPR035W",16754.5802466776,-0.147394522197839,0.105315125598379,-1.3995570091226,0.16164601541017,0.212409348616344
"YPR036W",5280.74734519664,0.187861121341751,0.0723365695771135,2.59704216608563,0.00940303802678151,0.0155339814087968
"YPR036W-A",4999.70738626634,0.590895712099802,0.0634328235700012,9.31529890747682,1.21609634102189e-20,8.3655267298896e-20
"YPR037C",728.150718349725,0.160776850267929,0.108133518877202,1.48683638465987,0.137058029245319,0.182859228700262
"YPR038W",0,NA,NA,NA,NA,NA
"YPR039W",1.41202332990503,-0.465301983352345,0.484834261802707,-0.959713493890186,0.337199430046128,0.407518425735649
"YPR040W",502.946758913982,0.0632902621663439,0.0395045934693542,1.60209880948254,0.109133761236726,0.14898415232138
"YPR041W",2686.08432718253,-0.724105314798922,0.051653349388567,-14.0185549121273,1.20033975391154e-44,2.1729308334625e-43
"YPR042C",428.011115742556,-0.226327188515172,0.0584679998956194,-3.87095828349225,0.000108408344851224,0.000228754909273487
"YPR043W",3.17627371733888,0.526295681373778,0.339694853347733,1.54931897315215,0.121305060997573,0.16377968883264
"YPR044C",55.6764412745792,-0.291463587290123,0.354755803373919,-0.821589342635546,0.411310656825694,0.48473633858214
"YPR045C",586.433530847675,-0.10414605730508,0.0521903520609854,-1.99550401927512,0.0459879362261104,0.0677121175726485
"YPR046W",158.586776713224,0.334577549365884,0.0514340068635033,6.50498706534363,7.77000653748888e-11,2.83103151331494e-10
"YPR047W",327.396468760572,0.115952018348829,0.0553008273122872,2.09675015699206,0.0360156979234267,0.0541771235546145
"YPR048W",172.303362310121,-0.333938884169364,0.0951117023278536,-3.51101784529378,0.000446394430955517,0.000884177163991651
"YPR049C",212.566698455997,0.355623490356313,0.0610013641088892,5.82976291680158,5.55061793174052e-09,1.73794723497693e-08
"YPR050C",0.0285381894640602,-0.576434769892804,2.9566127034175,-0.194964585394128,0.845420672327347,0.883032008038236
"YPR051W",76.8377914674326,0.228939958035461,0.0926919695449485,2.46990067380586,0.0135150572203187,0.0217830549715493
"YPR052C",591.893069620792,0.169709489029975,0.0400610267412235,4.23627407570513,2.27259358052964e-05,5.16969948428021e-05
"YPR053C",74.8287339723303,0.436787620310706,0.0679705944657588,6.42612623508455,1.30896714334645e-10,4.69957462373708e-10
"YPR054W",201.580867866138,0.151360006113799,0.0521375213978345,2.90309170930564,0.00369498417221312,0.00647092569263088
"YPR055W",440.08585372798,-0.168845249046079,0.0726412199408536,-2.32437243184458,0.020105541790466,0.0315263327961285
"YPR056W",388.890867676912,-0.213643736581885,0.0342950363457697,-6.22958186799643,4.67681711541817e-10,1.60538048587633e-09
"YPR057W",452.31921658361,0.278565494504471,0.0351314828841652,7.92922676856403,2.20514557394201e-15,1.08584083057603e-14
"YPR058W",345.70358343127,0.0187818962629477,0.0681597734469594,0.275556905680788,0.782888412802409,0.829285802626208
"YPR059C",4.02861838118022,0.143988173102593,0.263465886742835,0.546515432729008,0.584711682315622,0.654127770799994
"YPR060C",372.267990278847,-0.352050196072026,0.068422625584188,-5.14523073422342,2.67192198252612e-07,7.2879267715294e-07
"YPR061C",282.111078315887,0.977055867897666,0.0534607058291086,18.2761497953451,1.28160239758058e-74,3.93577807721285e-73
"YPR062W",2956.48929669695,0.145621526787345,0.0710760642765448,2.04881246970509,0.0404804559552364,0.0603129860333704
"YPR063C",1514.01247406793,0.454958399103925,0.0689550192931879,6.59790112115697,4.17019228603057e-11,1.55231345971885e-10
"YPR064W",77.8721821432159,2.81561413611188,0.0927465777048177,30.3581458830003,1.96155927232035e-202,1.5690193295688e-200
"YPR065W",660.72435440201,0.712164600754837,0.0646500753088492,11.0156809153377,3.21099465386465e-28,3.2869690809427e-27
"YPR066W",246.927010186349,0.355004021188242,0.0784510378227286,4.52516666497676,6.0347928908347e-06,1.45507677168075e-05
"YPR067W",383.116553183296,0.334112458014036,0.049864670551434,6.70038434665699,2.07872064558335e-11,7.87418464811005e-11
"YPR068C",208.080431735487,0.124725614122893,0.0489344435789011,2.54883074172054,0.0108084743681552,0.0176548247958689
"YPR069C",1652.44622589814,-0.599627054841051,0.0372679614246935,-16.0896124155517,3.01720251016472e-58,7.15701243704244e-57
"YPR070W",509.716250670594,-0.162397750534559,0.0323847834402365,-5.01463135716966,5.31352417391323e-07,1.40313753521494e-06
"YPR071W",151.602211523435,-0.191876494928126,0.0621600375729036,-3.08681433313303,0.00202313918799867,0.00367498665810479
"YPR072W",1142.08021704464,0.032813134416768,0.0581646575578025,0.564142140511343,0.572657400879674,0.643257717284663
"YPR073C",464.266799787668,0.284972117799448,0.0440191324796025,6.47382403393565,9.55531754355419e-11,3.46499891313175e-10
"YPR074C",6339.48001653185,-0.417463198093763,0.0461627654734929,-9.04328832581476,1.5202821385884e-19,9.75561644715446e-19
"YPR074W-A",0.227362302286589,-1.15350811236151,1.04995802363482,-1.09862307482371,0.271932508561014,0.337414092061908
"YPR075C",1534.92437302141,0.879546177559682,0.0678936261840373,12.9547680245495,2.20802553686871e-38,3.26645326196126e-37
"YPR076W",0.79273998866122,0.338098825867766,0.572391092726362,0.590677999997108,0.554736191347422,0.625886544247813
"YPR077C",1.23419228469647,3.00262861283571,0.592643720189665,5.06649865770074,4.05199606938425e-07,1.08289358823987e-06
"YPR078C",65.8685450138158,0.769865812425001,0.103002520631497,7.47424245256364,7.76498617492024e-14,3.51285135143754e-13
"YPR079W",534.502067959091,0.46573806552281,0.0351490212181107,13.2503850571758,4.48894153978734e-40,7.09871927636715e-39
"YPR080W",77738.6534321864,-0.409857905356873,0.0679091755930606,-6.03538331569373,1.58585787772641e-09,5.18494122665398e-09
"YPR081C",405.131255616487,0.395684253974598,0.042429521092326,9.32568277434938,1.10271295738626e-20,7.61602654002016e-20
"YPR082C",333.461646549395,0.309400042202947,0.06668192899994,4.63993838875335,3.48513066909053e-06,8.56833948272828e-06
"YPR083W",224.479716286746,0.100170690939959,0.0780989460318505,1.28261258351818,0.199627839380726,0.256536504221934
"YPR084W",321.226285793137,-0.289918926756922,0.0406321943120334,-7.13520231101724,9.66449054457004e-13,4.01704111517204e-12
"YPR085C",291.31841295375,-0.125931022625134,0.037825901783029,-3.32922724083302,0.000870873183734796,0.00165307302177474
"YPR086W",986.551276314794,-0.193783719560272,0.0364110135350004,-5.32211824793056,1.02565862888878e-07,2.89753827849114e-07
"YPR087W",24.7543088195143,0.21619688729911,0.176434063216204,1.22536931564162,0.220436102629628,0.279826527032518
"YPR088C",1383.72350275578,-0.207688457781084,0.0514920894339914,-4.03340513201205,5.49743804556131e-05,0.000120091699953688
"YPR089W",909.269526554447,0.030745930961183,0.0420731862103567,0.730772582981001,0.464918072722393,0.53823147463099
"YPR091C",1071.8426707149,0.354547717525437,0.0484627514934218,7.31588088995654,2.55698397548386e-13,1.11325903590845e-12
"YPR092W",6.37970037185916,-0.266786577006196,0.219014365932997,-1.21812364166018,0.223176991010817,0.282836131386037
"YPR093C",516.200595830509,0.20610168807335,0.102425555814815,2.01220961344825,0.044197845534579,0.0653548801672547
"YPR094W",157.201842313159,0.347224602102659,0.0613166703961086,5.66280914895692,1.48914756124916e-08,4.50278948300349e-08
"YPR095C",746.807344076517,0.0563631068371674,0.0339042759349713,1.66241883310743,0.0964288253441353,0.133440734166628
"YPR096C",6.14373326298755,-0.744188048303302,0.218165985428077,-3.41110942131095,0.000646991216256273,0.0012505345818002
"YPR097W",620.737954868756,-0.396322802335823,0.0502351026325811,-7.88935986126121,3.03740495396814e-15,1.48081563985449e-14
"YPR098C",404.646976005368,0.530142665728909,0.0650839381895747,8.14552223598891,3.77648433845316e-16,1.97404527083733e-15
"YPR099C",1.2865137941763,-0.764267121159256,0.481240344640824,-1.58811938705943,0.112259345175805,0.152886960099854
"YPR100W",82.5776437820812,0.145298674772591,0.0656172201015839,2.21433755571555,0.0268055669766025,0.0411597087571537
"YPR101W",199.257480085021,0.15340588474975,0.0732157606706732,2.09525767873634,0.0361480924134585,0.0543525087895477
"YPR102C",8861.37881790357,-0.266975151071181,0.0420087918777276,-6.3552208749123,2.08127348023692e-10,7.32331471639375e-10
"YPR103W",3115.84478648926,-0.0591239175661618,0.0512151965626593,-1.15442137362153,0.248327456593274,0.310759427670571
"YPR104C",417.424231251655,-0.532783711717377,0.0588540945853175,-9.05261928624236,1.39579247743769e-19,8.99031503023773e-19
"YPR105C",756.243344156086,-0.020005727756025,0.0303089779915194,-0.660059463622387,0.509215670643357,0.582116006377356
"YPR106W",248.968043669033,-0.450427650199998,0.042988593515813,-10.4778410587988,1.09208275257462e-25,9.88478586179052e-25
"YPR107C",274.195640549158,0.125403522111681,0.0465239871508483,2.69545947781894,0.00702916269918097,0.0118397674357654
"YPR108W",1764.92042960471,-0.0221809310006863,0.034108408666135,-0.65030682661865,0.515494048342999,0.588073558632088
"YPR108W-A",0.466467168529796,-0.129100670423215,0.804808615690843,-0.160411640613956,0.872556820476142,0.905736889702034
"YPR109W",409.087037275739,-0.00579138299714008,0.0372512147494853,-0.155468299116879,0.876452143685528,0.908625155951046
"YPR110C",1212.01991370221,-0.736910235053717,0.0766572322838368,-9.61305558652547,7.04273569087579e-22,5.18704269995017e-21
"YPR111W",199.833137914191,0.499022311382815,0.0485971579792436,10.2685492759876,9.766218168463e-25,8.50402718745025e-24
"YPR112C",555.255743761611,-1.134915868438,0.140786946812298,-8.06122935495655,7.55309631893423e-16,3.87166539328976e-15
"YPR113W",2586.5264411592,-0.116834409465367,0.0616946543994285,-1.89375255607964,0.0582578617488821,0.0841393724481545
"YPR114W",1504.40883347357,0.0474284217040525,0.0283588412208872,1.67243863508499,0.0944378589704209,0.130869869431411
"YPR115W",1441.84286751231,0.288704436884805,0.0415118194243222,6.95475266775829,3.53181110960409e-12,1.41169835113112e-11
"YPR116W",31.6943896624384,-0.639360208305215,0.109752381241462,-5.82547914745086,5.69489702205832e-09,1.78150052818277e-08
"YPR117W",752.283343969061,-0.18139114741267,0.0437212935534928,-4.14880559722551,3.34214473277397e-05,7.44997200802079e-05
"YPR118W",1154.87293974886,0.0676209808913532,0.0400699700808103,1.68757253262181,0.0914933155912539,0.12704532053941
"YPR119W",238.958895313582,-0.399569875142459,0.0805968287258262,-4.95763768201988,7.13554734452978e-07,1.86565679144889e-06
"YPR120C",249.887817418828,0.851644738085513,0.0555200401089435,15.3394114344007,4.16958232840019e-53,9.10557359906822e-52
"YPR121W",246.085915922505,0.0363234999525067,0.0616275215472089,0.589403874122726,0.555590378299532,0.62643930705171
"YPR122W",559.083023981686,-0.127329400375876,0.0642561580240944,-1.9815906255729,0.0475250772322211,0.0698259304315354
"YPR123C",57.9619036797822,-1.45862271859956,0.106370696922,-13.71263666411,8.53007805681778e-43,1.46696017382124e-41
"YPR124W",1772.86717363463,-1.25533184702907,0.0414865789583979,-30.2587458051893,4.00317983384607e-201,3.12930387238945e-199
"YPR125W",502.336961144288,-0.070785161351076,0.0524726457175138,-1.34899165809453,0.177339645524553,0.23093966117942
"YPR126C",42.5365066958744,0.150206938639835,0.0896896613032639,1.67474083921386,0.0939850909034885,0.130294929529443
"YPR127W",695.778091951129,0.34112792636466,0.057430446634028,5.93984456604485,2.85292441470418e-09,9.14504522308949e-09
"YPR128C",371.81014573553,-0.218537921233565,0.032760288718295,-6.67081792571389,2.54381659699625e-11,9.57271026845581e-11
"YPR129W",726.34264192721,-0.00661758794634357,0.0362304266367287,-0.182652774495208,0.855070472765769,0.891081621293096
"YPR130C",10.5248610912758,0.447129604445757,0.185849997275168,2.40586285176932,0.0161343205229015,0.0256898611203998
"YPR131C",324.854326946929,0.0716496397804408,0.0476233541713194,1.50450637144729,0.132451034049383,0.177159374533483
"YPR132W",10635.1123331313,-0.227404426402151,0.0649945959423268,-3.49882052661638,0.000467321024604292,0.00092296908649237
"YPR133C",1306.0300310259,0.128227134586925,0.0262993044771016,4.87568538926838,1.0843130687684e-06,2.78840732712441e-06
"YPR133W-A",393.230926017806,-0.155974780808445,0.0967060189634573,-1.6128756253257,0.106771531725939,0.146165446117957
"YPR134W",339.95516751663,0.491323214655663,0.037249631361933,13.1900154898652,1.00164661868445e-39,1.56598342952962e-38
"YPR135W",444.740101239065,0.303885708904462,0.0352729362614379,8.61526544464868,6.97797374580796e-18,4.03713047917687e-17
"YPR136C",1.50045346311376,-1.55491033961804,0.483906374006516,-3.21324624584734,0.00131243713501925,0.00244204897262576
"YPR137C-A",0,NA,NA,NA,NA,NA
"YPR137C-B",1391.91551514579,-2.31716178268193,0.0441338312906753,-52.5030733774411,0,0
"YPR137W",309.89653175435,-0.660189768690976,0.114977141771027,-5.7419219031007,9.36079944546234e-09,2.86956057866914e-08
"YPR138C",1042.16055708486,0.613487879271164,0.0690585825849818,8.88358631624419,6.4738704777586e-19,3.98690734256951e-18
"YPR139C",764.10459363826,0.634538421826901,0.0291153736174512,21.7939302501882,2.64909912780618e-105,1.10443350910174e-103
"YPR140W",455.401646967288,0.636212757378767,0.0483287256949215,13.1642775229561,1.40878774224491e-39,2.18759613519248e-38
"YPR141C",197.807546436517,0.35829456067691,0.0661447252557301,5.41682740825764,6.06658491713008e-08,1.75050493477088e-07
"YPR142C",0.0514988149022702,-0.72070231548773,2.91104276909338,-0.247575309830363,0.804463015991591,0.848583013233271
"YPR143W",243.508980238106,-0.5550532837576,0.160772424606596,-3.45241595451331,0.00055559052770762,0.00108638636728275
"YPR144C",315.486973700798,-0.633615468459439,0.0852358671978649,-7.4336718718257,1.05623794539935e-13,4.73037814218889e-13
"YPR145C-A",31.6507599454158,-0.141659352631582,0.160716954545369,-0.881421334994203,0.378089814261998,0.451228284578121
"YPR145W",4506.93388868604,-0.952026729753363,0.0831304694373257,-11.4521996110117,2.29253253376009e-30,2.57685151956465e-29
"YPR146C",154.289119285099,0.497137529650767,0.0617800054901381,8.04690005620224,8.49174723436249e-16,4.33665398850628e-15
"YPR147C",424.653117947919,0.191153379022734,0.0442442852200219,4.32040834363465,1.55740735069931e-05,3.61207186967652e-05
"YPR148C",1588.33222517684,0.307435488360316,0.030614123759256,10.0422762636596,9.93545216203652e-24,8.1851467572035e-23
"YPR149W",2839.71554497468,-2.0973845470136,0.0580358500245099,-36.1394645917623,5.44634685899857e-286,5.94689207032558e-284
"YPR150W",2.53227810071837,0.410705715651717,0.380239696026481,1.08012319582518,0.2800873238641,0.346657196988331
"YPR151C",5.48556940883974,0.537026175988416,0.226544905718159,2.37050651960597,0.0177637306429632,0.0280976553444342
"YPR152C",297.742428960576,0.354852686829109,0.0527589944769388,6.72591830733652,1.74488445058496e-11,6.6498948119523e-11
"YPR153W",43.9874463921174,-0.25121850756866,0.0839035214183953,-2.99413544654375,0.0027522373522381,0.00491884664745281
"YPR154W",813.011947335437,0.20817486326914,0.073178364096429,2.84475972973135,0.0044444934521416,0.00769923708317353
"YPR155C",399.822977116444,0.366096150210374,0.0435909584042017,8.3984423286983,4.52440073320212e-17,2.48986821149579e-16
"YPR156C",1695.45170448845,-0.139227868615011,0.0687125064550411,-2.02623766469803,0.0427404356448447,0.0633235961233872
"YPR157W",336.783987485252,0.183427180762841,0.0700093728340664,2.62003747980421,0.00879201035496472,0.0146016994765336
"YPR158C-C",0,NA,NA,NA,NA,NA
"YPR158C-D",1850.07240744885,-2.46016178662898,0.0469883633456194,-52.3568307441023,0,0
"YPR158W",186.45597485416,-0.0457425411232336,0.0693934664052237,-0.659176482928806,0.509782446567137,0.582620609725093
"YPR158W-A",0,NA,NA,NA,NA,NA
"YPR158W-B",1447.61090736878,-2.33255530970415,0.0478079562110519,-48.7901072241388,0,0
"YPR159C-A",1.82193783640458,0.293124334876204,0.390603287530573,0.750440009681845,0.452989741713127,0.526637896441542
"YPR159W",2827.07310973767,0.320556465451854,0.0365036281394392,8.78149602629551,1.61314445061477e-18,9.74259936416065e-18
"YPR160C-A",0,NA,NA,NA,NA,NA
"YPR160W",2000.49479144821,-2.27012035492811,0.160906353990143,-14.1083325712991,3.37463063938647e-45,6.20697437656138e-44
"YPR160W-A",0,NA,NA,NA,NA,NA
"YPR161C",604.246307676187,-0.277791934370851,0.0529322378248674,-5.24806707190348,1.53703342344906e-07,4.27547631213346e-07
"YPR162C",225.95782992393,-0.164038504524984,0.0767761282843554,-2.13658214070701,0.032631993485551,0.0494766328382423
"YPR163C",3948.67473862393,-0.507133875954785,0.0738581753061888,-6.86632013114857,6.58791472859697e-12,2.58518342373181e-11
"YPR164W",417.613449513659,-0.17907570965935,0.0403104728182752,-4.44241154070919,8.89562091661276e-06,2.10727886490775e-05
"YPR165W",4041.88729113462,0.0404982224781985,0.0544735843225661,0.743446993287383,0.457211102099375,0.530648755077038
"YPR166C",239.511854536581,-0.022440030959191,0.0653344974982699,-0.343463741491013,0.731249613707901,0.785856286939018
"YPR167C",580.429027238815,1.17615896912069,0.10061078242329,11.6901880771819,1.43069435383571e-31,1.67092469610116e-30
"YPR168W",89.3630851336557,-0.344187766938476,0.0645216977391534,-5.33444994472943,9.58346188916084e-08,2.71518263325937e-07
"YPR169W",1045.85825254007,-0.208143188717249,0.0432815883115139,-4.80904691434065,1.51651615053211e-06,3.85090978202673e-06
"YPR169W-A",0,NA,NA,NA,NA,NA
"YPR170C",6.40447225766377,-0.0167619625775796,0.228519892196093,-0.0733501246499637,0.941527505387276,0.955639345501005
"YPR170W-A",0,NA,NA,NA,NA,NA
"YPR170W-B",226.951258202441,0.0859670407374678,0.0886289263049591,0.969965950412937,0.332063464604642,0.402300911062933
"YPR171W",512.167958384863,0.0948874855273472,0.0457309444757492,2.07490762797749,0.0379950966201177,0.0568315437377233
"YPR172W",347.951157031692,-0.0632725289287169,0.0551810673545215,-1.14663474198877,0.251532611523348,0.314312958159693
"YPR173C",1759.73965000257,0.204572208787397,0.0278708288586854,7.34001165966925,2.13575247798817e-13,9.34595502295203e-13
"YPR174C",242.455474201712,0.112558367754034,0.0524760918332045,2.14494570426094,0.0319571884037109,0.0484962495100656
"YPR175W",230.72258644843,0.292016555056677,0.0480873289640116,6.07262997026142,1.25832180308086e-09,4.1455918023914e-09
"YPR176C",524.842451061603,0.0175316929262482,0.0376516831582064,0.465628398406063,0.641481512044513,0.705814350824409
"YPR177C",0.0972728318061444,-0.143625249224847,1.84684043216254,-0.077768087986178,0.938012531642717,0.953396602418772
"YPR178W",363.511254520328,0.253087079557142,0.0448024178355316,5.6489602968799,1.61421128105206e-08,4.86597695107674e-08
"YPR179C",338.213738231746,0.110336447033785,0.0519592470775221,2.12351897380587,0.0337103872636881,0.0508409105611126
"YPR180W",417.850159369304,0.148994619136765,0.0366112955445869,4.06963525656481,4.70867970394119e-05,0.000103618066805539
"YPR181C",3039.55711803662,-0.206712512156848,0.0321006539827101,-6.4395109292224,1.19859085237356e-10,4.31680967197788e-10
"YPR182W",680.834456244628,0.692106015385407,0.122901799712734,5.63137412961493,1.7877942943447e-08,5.37040914881974e-08
"YPR183W",2820.75039473522,-0.0062534886617566,0.0919095579962246,-0.0680395902025063,0.945754118865092,0.958574124601882
"YPR184W",714.078997643805,-0.776496908488753,0.113236956896739,-6.85727460158469,7.01866391473576e-12,2.74794473929808e-11
"YPR185W",662.090586779,0.116725841943656,0.0396653869529635,2.94276322280867,0.00325297112042375,0.00574363150343814
"YPR186C",165.334132942768,-0.294934206095452,0.0573683195433818,-5.14106406537537,2.73186875246815e-07,7.44258421712016e-07
"YPR187W",1357.90863440196,-0.396600437820538,0.0436285773229827,-9.09038208797189,9.8691612407289e-20,6.3926516172292e-19
"YPR188C",338.712895319905,0.328766064285127,0.0442717686847009,7.42608831886898,1.11856324518193e-13,4.99649127506917e-13
"YPR189W",582.229658168954,-0.0922707229075617,0.0487636072280208,-1.89220462046829,0.058463722998434,0.0843835397621124
"YPR190C",483.471336357043,-0.553191589506455,0.0797331719067361,-6.93803565413807,3.97589388125217e-12,1.58093491382275e-11
"YPR191W",1211.42004612956,0.0652506244880772,0.066498174790337,0.981239330159164,0.326474733273729,0.396507713663485
"YPR192W",118.88669484808,0.592873343519876,0.0690051177316882,8.59173004856159,8.56694768097973e-18,4.92742751651e-17
"YPR193C",25.6755425681105,0.132748226672976,0.113974112680223,1.16472261596305,0.244131291357558,0.306009320927231
"YPR194C",112.459097012037,-0.597509591626155,0.062668521510977,-9.53444531991225,1.50688954223983e-21,1.08999928086938e-20
"YPR195C",87.0797291912071,0.44487366126181,0.124120194421659,3.58421660016493,0.000338091435797105,0.000677068700683635
"YPR196W",119.100744869242,-0.0406039777731336,0.0607612813228877,-0.668254139628205,0.503971381875093,0.577225963356438
"YPR197C",1.36659148035668,1.14055178589055,0.488958012754802,2.33261702669448,0.0196682544914797,0.0308899366773719
"YPR198W",667.561092880134,0.470240415914994,0.0485969095777332,9.67634403094751,3.80064457819554e-22,2.83564360666021e-21
"YPR199C",360.687803262667,0.0399436910036005,0.0452070575125139,0.883572017323702,0.376927290187679,0.449997019993239
"YPR200C",41.8611202520981,0.295981155411735,0.0851931702394412,3.47423572312029,0.000512310751611158,0.00100490038789083
"YPR201W",70.3095086672585,-0.236197375521702,0.0704300837330462,-3.35364325870986,0.00079755115996879,0.00152356412924891
"YPR202W",40.0927413538719,-0.261688461402099,0.0939370285655515,-2.78578602493783,0.00533981071840922,0.00913290848630956
"YPR203W",23.6322939369523,-0.250617212351559,0.115426560411297,-2.17122654836582,0.0299140514648053,0.0456193361890702
"YPR204C-A",0,NA,NA,NA,NA,NA
"YPR204W",1198.46976766522,0.335164167624065,0.0945609521959268,3.54442462602975,0.00039347098962413,0.0007836383722132
"snR10",24.2339177719984,-0.205253858608727,0.124525850167859,-1.64828313424119,0.0992945840333153,0.136953855513333
"snR11",156.186275516548,0.368319222091261,0.0854288156444429,4.31141669602697,1.62211886537295e-05,3.75329824248252e-05
"snR128",45.6131382810092,-0.970513598571751,0.149502015798394,-6.49164222561725,8.49057016831922e-11,3.08703129957019e-10
"snR13",14.4211906330283,-0.465844918335109,0.17789619412671,-2.61863341496391,0.00882827621492969,0.0146558037828251
"snR14",14.7846125631141,0.528855337605165,0.170376902128923,3.10403189045534,0.00190902752844585,0.00347780730089486
"snR161",4.97062092504913,-0.807038705850589,0.243516417112553,-3.31410389254198,0.000919373400437924,0.00174081189694811
"snR17a",54.8604549152784,-0.488137491245292,0.317321281737088,-1.53830681816586,0.123973613443287,0.166989325803088
"snR17b",72.0169015768873,-0.350299453848926,0.141458327623378,-2.47634380905146,0.0132735688715219,0.0214390420913827
"snR18",15.2155459164306,-0.578052770499294,0.155168592192854,-3.72532071297554,0.000195067055281632,0.000401155836556755
"snR189",9.67577400325285,-0.341601213003767,0.198550085023171,-1.72047880495192,0.085345443143208,0.119376027527883
"snR19",156.731714342509,0.216649749695664,0.119576604474406,1.81180717288251,0.0700159964138058,0.0994507617862007
"snR190",20.5097193493061,-1.27350201367885,0.400214473794644,-3.18204886895794,0.00146237141232145,0.00270420778101055
"snR191",6.70600422968495,-1.52911071916408,0.299749111016662,-5.10130193206504,3.37324921085427e-07,9.09983581233981e-07
"snR24",19.0250188921619,-0.579476845450191,0.160265649111545,-3.61572706729483,0.000299505809863453,0.000603220190298229
"snR3",23.3895793889073,-0.302208273834621,0.177382685535252,-1.70370785019241,0.0884356808190262,0.123172514345835
"snR30",443.972142355708,-0.0961829946964015,0.109417309691212,-0.87904733691443,0.37937561007799,0.45244882484856
"snR31",105.104896242787,-0.260425159936449,0.0874625112361332,-2.97756325831243,0.00290549679731598,0.00517125807729279
"snR32",39.5670183534837,-0.482749553787214,0.133189208198735,-3.62453955779129,0.000289476712680629,0.000584304667409052
"snR33",163.681879141659,0.385758491576663,0.103590955890134,3.72386265057532,0.000196197693083363,0.000403239895643997
"snR34",53.0320812738059,-0.103190891111938,0.112650561740985,-0.916026422923683,0.359653036381783,0.431847309699822
"snR35",43.9006393619498,-0.227978272477751,0.109075092124591,-2.09010387281949,0.0366084698680202,0.0549007334253566
"snR36",15.4131076868481,0.170786310437183,0.166053794125327,1.02849989870321,0.303714738458383,0.372881257514762
"snR37",73.4524100861378,-0.646691426744403,0.178008743183005,-3.63291945766709,0.000280232510402927,0.000566476473423959
"snR38",4.19379299332569,-1.08366302008247,0.324604780916823,-3.3384074535863,0.000842600933390728,0.00160383282257743
"snR39",15.0300420843922,-0.397163540745846,0.135546031420143,-2.93010084164534,0.00338852020117194,0.00596764732817761
"snR39B",21.805743293235,-0.298690540680773,0.131301007187057,-2.27485338520858,0.0229147264878284,0.0355664267846958
"snR4",78.0493792570892,-0.554410610869288,0.0799891553418372,-6.93107219972494,4.17662805022138e-12,1.65979343486267e-11
"snR40",10.8731276161667,-0.320084242215301,0.187286354768732,-1.70906333571686,0.0874392181445406,0.121982231112613
"snR41",48.0843991403043,0.0934002265868409,0.11237995582573,0.831111081158271,0.405910880330137,0.479687501424328
"snR42",49.553632609094,-0.0997383440169984,0.126337571506475,-0.789459088279901,0.429843732349295,0.50321562880034
"snR43",106.041761274532,0.268311506781805,0.0732659312027366,3.66215923795947,0.000250098312382203,0.000507500380789727
"snR44",153.735439402037,-0.65357805630798,0.102772297561444,-6.35947693897986,2.02441919647143e-10,7.13421088756506e-10
"snR45",14.6196296364855,-0.499087190473698,0.224954188679844,-2.21861701443578,0.0265127910183869,0.0407556400928454
"snR46",60.9104578417129,0.174224554824201,0.102993671992576,1.69160445931823,0.0907214156823647,0.126024357528067
"snR47",12.5184575616684,-0.191718300762675,0.182122605797797,-1.05268810493263,0.292483962127235,0.360185674091165
"snR48",6.18060530971388,0.0517744334965091,0.244092404409935,0.212109973768613,0.832021238796636,0.872037466880665
"snR49",114.510362947402,-0.500314004423117,0.10073861126002,-4.96645723189233,6.81870820233338e-07,1.78621072825024e-06
"snR5",32.060290854187,-0.381530447968901,0.145935658202439,-2.61437439395141,0.00893910220657039,0.0148138000672122
"snR50",22.309905559848,0.372551185137988,0.131539050691417,2.83224778633966,0.00462220146484581,0.00797895203931603
"snR51",24.3208566383658,0.152320148671888,0.193233856836595,0.788268428553359,0.430539710616741,0.503687528798054
"snR52",1.50277647627397,-0.169867097761683,0.421340918989748,-0.403158321695824,0.686831758273632,0.746872536383862
"snR53",1.38486110426002,-0.813480238126021,0.432203511576678,-1.88216943253989,0.0598130145366395,0.0861502778470568
"snR54",7.72083323335608,-1.01689720518448,0.232273156803022,-4.37802292430567,1.19760756083864e-05,2.80387329385382e-05
"snR55",9.97811755199757,0.0634378664777345,0.221640087243367,0.286220183662344,0.77470948578457,0.8225384399926
"snR56",6.57079204403968,-0.522123067309657,0.27777452524373,-1.87966505154325,0.0601537414618796,0.0866047692583235
"snR57",25.2100428216297,0.0921810190192587,0.144501403012112,0.637924733585683,0.523522676383165,0.59595133262863
"snR58",12.7532026243159,0.353929705487278,0.169166736109609,2.09219444452694,0.0364211252662058,0.0546793803374573
"snR59",3.03931150727263,-0.808308294954709,0.325647563112861,-2.48215674402136,0.0130589817520597,0.021107315665512
"snR6",0.488869760764579,-0.870288712937531,0.835445750563993,-1.04170583469964,0.297548083040383,0.365963394105989
"snR60",2.04198523239762,0.0136178925897069,0.37718486595805,0.0361040270136965,0.971199411330416,0.979170562881713
"snR61",21.5066306748298,-0.651676166230313,0.161092420594815,-4.0453558511572,5.22437045896996e-05,0.000114417205944777
"snR62",29.8245867805702,0.431668791574157,0.116878377046702,3.69331609902206,0.000221348599203425,0.000452363937587747
"snR63",95.8763468637567,-0.421259987119606,0.102274280560966,-4.11892398371348,3.80645680602289e-05,8.44392659420558e-05
"snR64",13.0572558185018,-0.816467154702292,0.221307538657754,-3.6892875843915,0.000224882900230671,0.000458905212306967
"snR65",9.65617250476087,-0.236882684271488,0.24598556103221,-0.962994263880675,0.33555040188492,0.406017935067723
"snR66",14.5069013116463,-0.256704456587773,0.150998722564785,-1.70004389591862,0.0891226690838585,0.124003810806607
"snR67",13.0635179780026,-0.476930664155111,0.193893950365438,-2.45975010182745,0.0139033787477265,0.0223722438375697
"snR68",12.912307762782,-0.51066965125754,0.178388483095805,-2.86268285034567,0.00420070801698637,0.00729345543888169
"snR69",13.3063496313558,0.405498378009767,0.144107603251421,2.81385831740123,0.00489507979587856,0.00843095991884042
"snR7-L",0.421080944880556,0.254247890192678,0.7407783550028,0.343217223445624,0.731435048352347,0.785932786256762
"snR7-S",0,NA,NA,NA,NA,NA
"snR70",86.6405359691302,0.248748246558406,0.0961464945557638,2.58717957121292,0.009676514892723,0.015958941727893
"snR71",10.011809257145,-0.163047534170111,0.18733178033585,-0.870367718055088,0.384099482531166,0.45696419260324
"snR72",3.74306706070716,-0.242554904828501,0.314255386144617,-0.771840087784143,0.440209145434728,0.513254018889067
"snR73",0.65952019457737,-0.559358934565245,0.624127267883677,-0.896225759310193,0.370132200653139,0.442844433243535
"snR74",3.53758032417642,-0.150527227504978,0.276057296478117,-0.545275308515204,0.585564183459154,0.654868479599337
"snR75",7.28652019861175,-0.293593153885966,0.280273659013961,-1.04752317759316,0.294858348102268,0.362979702325609
"snR76",26.2493525512744,-0.272666780055366,0.119571825411561,-2.28035976800437,0.0225863596848354,0.0351201555768496
"snR77",11.6956465450001,-0.525798955969439,0.161090282317932,-3.26400170391227,0.00109850504803575,0.00206183253081525
"snR78",2.45710482377716,-0.7369616110651,0.405715286670695,-1.81645019371248,0.0693013415345477,0.0984966794248251
"snR79",4.13038614505074,-0.353058217794837,0.297925430363162,-1.18505566095674,0.235995440314031,0.297219449637535
"snR8",88.5807683237356,-0.339374396118658,0.144811949592472,-2.34355242833012,0.0191010774667116,0.0300746880049232
"snR80",4.16087853849575,-1.25250967749452,0.328016776860234,-3.81843175670312,0.000134302724763457,0.000280759898118305
"snR81",30.4094831600953,-0.0954255538827531,0.145521298157611,-0.655749743102207,0.511985157443621,0.584749443475788
"snR82",102.640363133987,0.461865904670432,0.0971668808366945,4.75332644923198,2.00096870891804e-06,5.03831030331157e-06
"snR83",61.5412364874189,-0.48887180079002,0.152078912405816,-3.21459295740811,0.00130629611553337,0.00243193801860733
"snR84",104.455184205551,-0.0665822657940884,0.0855077389251816,-0.778669470518303,0.436174444506713,0.50941942707039
"snR85",25.1433150656285,-0.806812917421809,0.15824896633727,-5.09837717171738,3.42577708838803e-07,9.23791477499852e-07
"snR86",829.190933022787,0.07137484611499,0.0741371013380068,0.962741256763964,0.335677386901886,0.406035650518388
"snR87",7.26506236118765,0.12289954600747,0.216046760966788,0.568856230278602,0.569453711098808,0.640495761714961
"snR9",109.606134905234,-0.234365733228415,0.120803021543202,-1.94006515925266,0.0523717715554015,0.0762950903281675
"tA(AGC)D",0.26636617225376,-0.574088851838454,0.898851075183734,-0.638691845277155,0.523023418726442,0.595576576298493
"tA(AGC)F",0.269486270095166,0.899640324665509,0.908717652750221,0.990010837736849,0.322168821773457,0.392039505568656
"tA(AGC)G",0.166841843335829,0.298713523039568,1.18287500610095,0.252531773432428,0.800630058087274,0.845621705755007
"tA(AGC)H",1.39683866413853,0.889584851355601,0.445508398816972,1.99678581530192,0.0458484551264709,0.0675356579903625
"tA(AGC)J",0.178426375887769,0.137919408552332,1.06673750235743,0.129290859510928,0.897127503783422,0.923965037877213
"tA(AGC)K1",0.292169327859172,-0.149402647144316,0.97486997099994,-0.153253922665267,0.878198035727392,0.909533918664367
"tA(AGC)K2",0.702046628079257,1.20545536321182,0.716969485963984,1.68132031670923,0.0927007136844347,0.128618033367331
"tA(AGC)L",0.915110716480586,0.337967971603411,0.549699302690709,0.614823358787432,0.538671381285051,0.610464651047753
"tA(AGC)M1",0.0706358622327004,-0.287897296624003,2.72637597363584,-0.105597063430716,0.915902054768205,0.937852074240917
"tA(AGC)M2",0.0908076353418514,0.144910795687263,2.1878579816646,0.0662340960435693,0.947191451646391,0.959324204339742
"tA(AGC)P",0.345464787557883,-0.570035952752593,0.902038096181937,-0.631942215262734,0.527424636817694,0.599694888705606
"tA(UGC)A",0.967400552589724,-0.909179488259495,0.572836021578634,-1.58715488204453,0.112477570451202,0.153093234494226
"tA(UGC)E",0.644760969284978,0.592937633426819,0.615577237995518,0.963222154473385,0.335436049406621,0.405957878935283
"tA(UGC)G",0.505058714478336,1.24585322282195,0.814465064269957,1.52965827200785,0.12610133746204,0.169390958875487
"tA(UGC)L",0.442080491064227,0.117694691578017,0.747130620926116,0.157528935746372,0.874828005147719,0.907697682572209
"tA(UGC)O",1.9285496727919,0.717790095385043,0.387683687556254,1.8514838731276,0.0640999726947834,0.0917485876336693
"tA(UGC)Q",0,NA,NA,NA,NA,NA
"tC(GCA)B",0.40727346894359,0.308313272067644,0.819319576478468,0.376304046575832,0.706690871299513,0.764599953392474
"tC(GCA)G",0.470684789735735,-0.973466272783292,0.762120489936085,-1.27731282079154,0.201491829072179,0.258738527569072
"tC(GCA)P1",0.543281618806663,1.02179833680881,0.705246072333183,1.4488536368992,0.147378461096511,0.19537799843571
"tC(GCA)P2",0.273802377575668,0.32622903567444,1.0856436383313,0.300493664915565,0.763800627952419,0.813195588921944
"tC(GCA)Q",0,NA,NA,NA,NA,NA
"tD(GUC)B",0.602697927459387,-1.06745256232861,0.662481305941713,-1.61129461730431,0.107115523417796,0.146519722726391
"tD(GUC)D",0.212527687701229,0.134414640483542,1.09202365971942,0.12308766324539,0.902037680295356,0.92724405301132
"tD(GUC)G1",0.769123762778575,-0.45855639080105,0.581393384069835,-0.788719657576925,0.430275876056866,0.503550144844366
"tD(GUC)G2",1.12524750101462,-0.0670306948634294,0.492145404101198,-0.136200997316732,0.89166238677115,0.919739924816126
"tD(GUC)I1",0.285899158015482,-1.29971403463687,1.03505098776794,-1.25570049204984,0.209224580759385,0.267668940123454
"tD(GUC)I2",0.484078709118074,-0.733334839342496,0.718991121238639,-1.0199497847472,0.30775227663721,0.376695357826934
"tD(GUC)J1",0.362353719282128,0.629519513650198,0.764867314574542,0.823044077913525,0.410482928115235,0.48400960961685
"tD(GUC)J2",0.388194542274843,-0.0899619253804427,0.831153467847765,-0.108237442133756,0.913807344879766,0.936180320099459
"tD(GUC)J3",0.256661990156508,-0.0105987382868761,0.843683454627928,-0.0125624583826291,0.989976872045391,0.994313170214665
"tD(GUC)J4",0.3067932212393,-0.289761231745654,0.857885168289188,-0.337762258232651,0.735542353623154,0.789482891336196
"tD(GUC)K",0.460517627614079,-0.332592966756132,0.743191435072731,-0.447519913524816,0.654499713092341,0.717269957999397
"tD(GUC)L1",0.234322250497571,-0.138104994349237,0.896027395290851,-0.154130325785863,0.877506977455511,0.909002677828832
"tD(GUC)L2",0.477961106367433,-1.76742585830453,0.725928003822835,-2.43471232546069,0.0149036331653366,0.0238701030371014
"tD(GUC)M",0.456665138637004,0.145905414625199,0.744558292078201,0.195962379544454,0.844639611825646,0.882886474661696
"tD(GUC)N",4.67883630982824,-1.31690542104079,0.245476754539248,-5.36468482937452,8.10906862696515e-08,2.31078223218282e-07
"tD(GUC)O",2.39650008688383,-0.374875335702596,0.350832657963963,-1.06853032975369,0.285281356669081,0.352198573676707
"tD(GUC)Q",0,NA,NA,NA,NA,NA
"tE(CUC)D",0,NA,NA,NA,NA,NA
"tE(CUC)I",0.022124038923153,-0.287898914598924,2.9566127034175,-0.0973745780995078,0.922428932511171,0.941731764135403
"tE(UUC)B",0.435042445299488,-1.13173048001053,0.778513617769005,-1.45370672288783,0.14602763349661,0.193886139900247
"tE(UUC)C",0.53572118509829,-0.402439777458626,0.752746460550258,-0.534628588176213,0.592906711061924,0.660931010435096
"tE(UUC)E1",1.24513723624621,-0.118345615966209,0.449200693597978,-0.263458221799019,0.792197420531449,0.83774420535524
"tE(UUC)E2",0.611695626366628,0.301794790323708,0.674850213520727,0.447202629972108,0.654728762664484,0.717406683397417
"tE(UUC)E3",0.231544607799725,-0.149362590832784,0.897425673765174,-0.166434497250484,0.867815027649551,0.901631109379438
"tE(UUC)G1",1.77652807246013,-0.565047524952249,0.427302069219745,-1.32236084413077,0.186048020950115,0.241021532225205
"tE(UUC)G2",0.591661263214085,0.368193814649463,0.669651887627965,0.549828681815078,0.582436884149792,0.652482233837771
"tE(UUC)G3",0.194564344401713,0.0103216320683919,1.20348466445248,0.00857645500043632,0.993157062858203,0.996779608316542
"tE(UUC)I",0.657768372546257,0.251379261253692,0.665613313494665,0.377665614790482,0.705679014625614,0.763745428195343
"tE(UUC)J",1.28505226142983,0.818796998984478,0.504183655226079,1.62400544027419,0.104374647475351,0.143369249197871
"tE(UUC)K",1.20183372872799,0.0225432096814091,0.485764959278553,0.046407648906767,0.96298534013709,0.972885321604207
"tE(UUC)L",0.425714639163429,0.269223272079213,0.735616321427973,0.365983277201624,0.714377554065498,0.770976340510913
"tE(UUC)M",0.565149911545179,0.204494777134863,0.774580766611759,0.26400704219572,0.791774492330551,0.83742569691603
"tE(UUC)P",0.19039219636717,-0.432161736986872,1.17680822094833,-0.367232085308355,0.713445908119793,0.770212555234786
"tE(UUC)Q",0,NA,NA,NA,NA,NA
"tF(GAA)B",0.123074694804522,0.149018901030368,1.56876048747592,0.0949914931055757,0.924321583884439,0.943384002305794
"tF(GAA)D",0.577688378334639,0.264053882865576,0.715202001671796,0.369201823049076,0.711977297125437,0.768899271427835
"tF(GAA)F",0.998509887637185,0.434615965391842,0.537843394308126,0.808071587364062,0.419049372745501,0.49226870552557
"tF(GAA)G",1.12925474269905,0.0472807672526631,0.482677940195144,0.0979551028032226,0.92196794461868,0.941731764135403
"tF(GAA)H1",2.70453692809077,1.92644773550649,0.426883150478731,4.51282214663676,6.39706637285669e-06,1.53596577936758e-05
"tF(GAA)H2",0.6571271261016,0.916266508451933,0.648301131998121,1.41333473478277,0.157557325540367,0.20747259617002
"tF(GAA)M",1.48867245226605,-0.584673072030873,0.425171376340324,-1.37514683388017,0.169085927193081,0.221255867065095
"tF(GAA)N",0.364821833927646,-0.570089811772787,0.898840842087603,-0.63425000854292,0.525917675955061,0.598278103670392
"tF(GAA)P1",2.33859878631023,-0.47272812971312,0.364911961554772,-1.29545802691416,0.195162271746868,0.251596939157928
"tF(GAA)P2",0.745581538858964,0.492593174554029,0.651297660822557,0.756325723528484,0.449453928977256,0.52288069971834
"tF(GAA)Q",0,NA,NA,NA,NA,NA
"tG(CCC)D",0.0371542678998684,-0.576434769892804,2.9566127034175,-0.194964585394128,0.845420672327347,0.883032008038236
"tG(CCC)O",1.12525188587611,-0.436907556324389,0.553147894933164,-0.789856673642734,0.429611476742014,0.503029335916309
"tG(GCC)B",0.280390709526159,-0.293378210238718,0.891548564429157,-0.32906587699635,0.742105895421639,0.795658736690376
"tG(GCC)C",0.212164012326962,-0.432161719021097,1.1572702332886,-0.37343198380989,0.70882695871034,0.76618803409309
"tG(GCC)D1",0.492782657528992,0.0929094489140269,0.77596243640913,0.119734467230112,0.904693495859069,0.92955736490135
"tG(GCC)D2",3.37582038577397,-1.75460143203798,0.305531855656915,-5.74277738818907,9.31361335682914e-09,2.85636853685366e-08
"tG(GCC)E",0.640939424929572,0.24259877582176,0.689497582285579,0.351848624352797,0.724951790277667,0.779697211588504
"tG(GCC)F1",0.258714763996904,-0.434947034828972,1.04915082778305,-0.414570549163129,0.678456311435674,0.73893302190722
"tG(GCC)F2",0.274489082481322,-0.57895478514805,0.968336754283611,-0.597885789821506,0.549916142207114,0.621467577171469
"tG(GCC)G1",1.26195288161318,-0.492981233624075,0.460453858697066,-1.07064198575521,0.284330437414464,0.351276774241037
"tG(GCC)G2",0.320502914739971,-1.01074451333327,0.895027789986123,-1.12928841388148,0.258776186865266,0.322661118261041
"tG(GCC)J1",0.351587495881702,0.369842862705655,0.750781779935838,0.492610333108059,0.622287945439502,0.689437715683417
"tG(GCC)J2",0.236701094554314,-1.00923886483669,1.02344534227402,-0.986118968106535,0.324074736706538,0.394010271085945
"tG(GCC)M",0.453038953962357,0.0376945332188303,0.758566220046466,0.04969181624845,0.960367978091988,0.970811362423921
"tG(GCC)O1",0.388992748270381,0.432465138353661,0.758899248721828,0.569858435203406,0.568773718095133,0.639873891442865
"tG(GCC)O2",0.406827156934279,-0.17301474839523,0.746533306236639,-0.231757574578175,0.81672631049685,0.858404933522968
"tG(GCC)P1",0.840408822091466,0.229003402212393,0.600777828940837,0.38117818464793,0.703071035497561,0.761402023486732
"tG(GCC)P2",0.39502260959605,1.13391518457509,0.687960326764566,1.64822758008128,0.099305979255779,0.136953855513333
"tG(UCC)G",0.222168688940768,0.218311603128369,1.0002799064708,0.218250513397413,0.827233929566993,0.868122380090213
"tG(UCC)N",0,NA,NA,NA,NA,NA
"tG(UCC)O",0.0346541334809047,-0.576434769892804,2.9566127034175,-0.194964585394128,0.845420672327347,0.883032008038236
"tG(UCC)Q",0,NA,NA,NA,NA,NA
"tH(GUG)E1",1.86911974535632,0.00186604434258121,0.394533121739091,0.00472975332047089,0.996226216919473,0.997939522276479
"tH(GUG)E2",2.69305673513872,-1.2069620002059,0.336491699977041,-3.58689976688357,0.000334632878805668,0.000670532937169877
"tH(GUG)G1",2.7857207700757,-0.720944469204963,0.315468133602169,-2.28531630428997,0.022294287594984,0.0347209428041419
"tH(GUG)G2",0.524502270616161,-0.350266155967846,0.722903822087366,-0.484526634478791,0.628012166676897,0.694273069105257
"tH(GUG)H",0.622980285339492,-0.744562024591312,0.662914057265383,-1.1231652375313,0.261367323432529,0.32542005753708
"tH(GUG)K",0.800460521130873,-0.896203342459369,0.60787005009071,-1.47433376973521,0.140391747062319,0.186872064249554
"tH(GUG)M",1.46844323575152,-0.891995984487017,0.45041543149134,-1.98038504483204,0.0476602791157976,0.0699797353335265
"tH(GUG)Q",0,NA,NA,NA,NA,NA
"tI(AAU)B",0.187789222500346,-0.287892507552115,1.15924685663366,-0.248344436652714,0.803867920162845,0.848390215219424
"tI(AAU)D",0.444086055904202,1.00021987011086,0.677501366468298,1.47633631401342,0.1398536301255,0.186263915127457
"tI(AAU)E1",0.583947958285681,1.42659394716933,0.647716195265524,2.20249849794864,0.0276301151140357,0.0423596081723762
"tI(AAU)E2",0.414726455681915,-0.726950471149127,0.740645798861142,-0.981508937560878,0.326341829164489,0.396416288684887
"tI(AAU)G",0.91253043862092,-0.235521825841162,0.561114958682097,-0.419738989661473,0.674676138813673,0.735281552423837
"tI(AAU)I1",0.353090366253464,0.862828695180339,0.923134072414748,0.934673219160179,0.349956732525899,0.421381474364722
"tI(AAU)I2",0.380296424705709,0.293024874713394,0.864694982426617,0.338876575750526,0.73470271130244,0.788950975811659
"tI(AAU)L1",0.182030812906491,-0.287892515707083,1.16499532640734,-0.247119030592936,0.804816106108406,0.848609747688492
"tI(AAU)L2",0.337258582508141,-0.176675863793873,0.80717055486023,-0.218882939584517,0.826741236480248,0.867737712198296
"tI(AAU)N1",1.1152078913882,0.678310246196867,0.518525610191806,1.30815186919303,0.190821803358094,0.246787588888951
"tI(AAU)N2",0,NA,NA,NA,NA,NA
"tI(AAU)P1",0.281055215674402,-0.0608501176502719,1.09075603491704,-0.0557871015170684,0.955511410440141,0.966754374528273
"tI(AAU)P2",0.231707066385402,0.151636555728465,0.97315465365434,0.155819586495371,0.876175231411853,0.908533225336469
"tI(GAU)Q",0,NA,NA,NA,NA,NA
"tI(UAU)D",0.597437002391553,0.44710380239847,0.676572868682166,0.660836139157253,0.508717403851541,0.58169332132559
"tI(UAU)L",0.595911655459769,-1.19190512792411,0.760208556087816,-1.56786597359268,0.116912414214561,0.158533510227078
"tK(CUU)C",0.0143028741280554,-0.287898914598924,2.9566127034175,-0.0973745780995078,0.922428932511171,0.941731764135403
"tK(CUU)D1",0.201494049161966,0.66836194394846,1.067667190793,0.626002137849756,0.53131353908814,0.60351813662274
"tK(CUU)D2",0,NA,NA,NA,NA,NA
"tK(CUU)E1",0.23368665399267,0.117229358349934,1.05777668835393,0.110826188212147,0.911754178081053,0.934857205398653
"tK(CUU)E2",0.0502515731211814,-0.432166421891948,2.92735782995991,-0.14763019999433,0.882634620096225,0.913029105510065
"tK(CUU)F",0.324362686484111,-1.0081715227714,0.797891280904282,-1.26354498024943,0.206393392288709,0.264341862884757
"tK(CUU)G1",0.301580909887222,0.271685386383708,0.923248579789224,0.29427111216974,0.768550745031826,0.817640051820898
"tK(CUU)G2",0.0542311157579176,-0.72070226639361,2.87707305974746,-0.250498423719859,0.802201923541481,0.847021800773882
"tK(CUU)G3",0.235070977873533,-0.864969537734059,0.951921565099625,-0.908656311030766,0.363531572414594,0.435895709715878
"tK(CUU)I",0.231001974116137,-0.576430857170758,0.95424961885412,-0.604067159977434,0.545798992012908,0.617524879285657
"tK(CUU)J",0.0799424782364783,-0.864969868890046,2.22802011235099,-0.388223546140855,0.697850609729515,0.757059508646795
"tK(CUU)K",0.33534890445136,0.451144607917064,0.866485432080664,0.520660349515334,0.602603400415898,0.670328071064192
"tK(CUU)M",0.680337550235066,-0.763773670116175,0.622337289101287,-1.2272664413523,0.21972246437395,0.279229786149714
"tK(CUU)P",0.769801653692239,0.342185448215433,0.629495924851882,0.543586439095611,0.586726093686162,0.656061248125343
"tK(UUU)D",1.87449946051468,-0.540836571701313,0.420052182279434,-1.28754615382888,0.197903993549809,0.254606615228939
"tK(UUU)G1",0.750374456157202,-0.449228841536208,0.636979568397576,-0.705248431541241,0.480655646250497,0.554026506460652
"tK(UUU)G2",0.389489467739558,-0.322896851170615,0.72705037378653,-0.4441189535313,0.656956583923414,0.719389420695505
"tK(UUU)K",0.981505800405127,-0.378580107906198,0.521426952668351,-0.726046296549979,0.467810389513818,0.541306588640127
"tK(UUU)L",1.92777448343513,-0.358546647344626,0.36558794091189,-0.980739809005458,0.326721067270641,0.396666823465361
"tK(UUU)O",4.8275495448912,0.845293015758089,0.268716518812916,3.14566822870534,0.00165707864098489,0.00303650611916225
"tK(UUU)P",3.7698586068639,-0.554528430024444,0.264837915657154,-2.09384078804754,0.0362741653724708,0.0544706360177312
"tK(UUU)Q",0,NA,NA,NA,NA,NA
"tL(CAA)A",1.08841027851106,-0.0308027498033859,0.499624165314855,-0.0616518414075799,0.95084009195509,0.962553171183444
"tL(CAA)C",0.312302458429271,-0.722642435073671,0.842018255468149,-0.858226565018941,0.390767369933231,0.464103718537759
"tL(CAA)D",0.211631094784164,-1.00923876895087,1.15772147637751,-0.871745743292899,0.383347099547981,0.45623610688418
"tL(CAA)G1",2.01788353066918,1.93855653973711,0.463405974486273,4.1832791255792,2.87334245589228e-05,6.45516745724461e-05
"tL(CAA)G2",0.624010302310378,-0.770237297544127,0.769954812145647,-1.00036688568475,0.317132989243499,0.386869628126624
"tL(CAA)G3",0.640778095913288,0.781289070570488,0.664317615317713,1.1760776058856,0.239563865792689,0.300942263109552
"tL(CAA)K",0.416193177049266,-0.116434660077742,0.796191375111395,-0.146239539534639,0.883732293031643,0.913809546745136
"tL(CAA)L",5.8303056537966,-0.852306121939431,0.238780161508802,-3.56941764572855,0.000357775663888899,0.000714616373952305
"tL(CAA)M",0.367139057456631,-0.118890231319056,0.878613940946161,-0.135315666845698,0.892362298651453,0.920047999463931
"tL(CAA)N",1.45324019127046,-0.358477542045873,0.409423525327378,-0.875566546302467,0.381265718609511,0.454309176912321
"tL(GAG)G",0.56651778114222,-0.0516680384109367,0.68594688090041,-0.0753236727938969,0.93995718681707,0.954526939491383
"tL(UAA)B1",0.311734167505407,-1.15211524265665,0.880929645745765,-1.30784024379304,0.190927501111028,0.246839366463577
"tL(UAA)B2",0.390260137356591,-0.186267507584069,0.761902331933909,-0.244476883423198,0.806861503235221,0.850340539720586
"tL(UAA)D",0.509664795028718,0.164297902280239,0.774983050639764,0.212001929777184,0.832105528798471,0.872037466880665
"tL(UAA)J",0.987189996796986,-0.0615450275066428,0.554610421994572,-0.110969835881023,0.911640266445687,0.934857205398653
"tL(UAA)K",0.297347780894437,-0.722956119449136,0.903072727565075,-0.800551381280685,0.423391406631812,0.496591557752811
"tL(UAA)L",0.998505000904903,0.0657687522925076,0.512772447738941,0.128261088485767,0.897942357598382,0.924554030522268
"tL(UAA)N",0.361685110005333,-0.113804746148456,0.948778881400711,-0.119948650185428,0.904523825375003,0.92952186954805
"tL(UAA)Q",0,NA,NA,NA,NA,NA
"tL(UAG)J",0.0531865583976516,-0.72070228469791,2.88978504635952,-0.249396502901084,0.803054089988036,0.847791449513152
"tL(UAG)L1",2.18991456733986,-2.57014455410051,0.448590858263102,-5.72937345190638,1.00802255814138e-08,3.08186096775758e-08
"tL(UAG)L2",0.0540531535684016,-0.432166251268398,2.87921568875826,-0.150098602531158,0.880686822513901,0.911562541690208
"tM(CAU)C",0.0998381669553627,-0.432163009738265,1.83803383853223,-0.235122444798606,0.814113698523171,0.856675090291993
"tM(CAU)D",0.29724703580581,-0.00557171150272649,0.812159223638897,-0.00686036843583739,0.994526260880267,0.997631190572005
"tM(CAU)E",1.03611008167863,0.231324343436353,0.52146691367056,0.443603107641253,0.657329558548992,0.719683277615553
"tM(CAU)J1",0.340732194569283,0.245091892101089,0.752389198742883,0.325751476111827,0.744612394265875,0.797476048599557
"tM(CAU)J2",0,NA,NA,NA,NA,NA
"tM(CAU)J3",0.264354468423589,0.272802828715836,0.892708306213558,0.30559010912863,0.75991675221952,0.809832275525651
"tM(CAU)M",0.595028311231411,0.359860617775003,0.669222156608584,0.537729682469971,0.590763683931435,0.659503956793953
"tM(CAU)O1",0.460408199327788,-1.13053835613027,0.749454737706877,-1.50848116537285,0.131431423591743,0.175966672418762
"tM(CAU)O2",0.878874369865109,-0.257200927446501,0.592453696328656,-0.434128319293702,0.664195261860225,0.7256987303584
"tM(CAU)P",1.89592727633955,1.9775944700194,0.46276868586942,4.27339733738471,1.92516945124668e-05,4.41294257085168e-05
"tM(CAU)Q1",0,NA,NA,NA,NA,NA
"tM(CAU)Q2",0,NA,NA,NA,NA,NA
"tN(GUU)C",0.320379212835841,-0.572187137121956,0.853117142342201,-0.670701722803316,0.50241056513129,0.575629959616612
"tN(GUU)F",0.78365778871265,-1.45924861117182,0.624983006284154,-2.33486126262506,0.0195506695730831,0.0307192909989124
"tN(GUU)G",0.283957507815377,-0.164245192345762,0.844378105902216,-0.194516166629245,0.845771738338282,0.88313050820113
"tN(GUU)K",1.57335802164761,-1.15183415178323,0.438741351496717,-2.62531477339411,0.00865688956703434,0.0143842375197172
"tN(GUU)L",0.445961574363211,0.605335044604195,0.732996157911304,0.82583658600492,0.408896797044218,0.482470165843426
"tN(GUU)N1",1.15268574872688,-0.407282295970651,0.503270426261607,-0.80927126792652,0.418359129206738,0.491863348113682
"tN(GUU)N2",0.330359462452391,-0.133141666178777,0.820442094875192,-0.162280393717524,0.871085053570042,0.904618672027222
"tN(GUU)O1",0.367279371110655,-1.0041125695671,0.77701928888248,-1.2922620891577,0.196266396079447,0.252878167939785
"tN(GUU)O2",0.248966763670924,-0.7207001687934,0.89019560068065,-0.809597540408364,0.418171522181351,0.49172926767159
"tN(GUU)P",3.0590072632992,-3.89371051049912,0.481150093087867,-8.09250702937733,5.84490275062818e-16,3.02308917455423e-15
"tN(GUU)Q",0,NA,NA,NA,NA,NA
"tP(AGG)C",2.31122422410361,1.15466688256402,0.375127240975166,3.07806727008784,0.00208347877400499,0.00378059891489852
"tP(AGG)N",1.25154443389652,0.885198365026019,0.483443444068596,1.83102775699326,0.0670964002008548,0.0956791328734827
"tP(UGG)A",0.450767184917405,-0.298260870788312,0.77404781352534,-0.385326158896962,0.699995783019816,0.758668818558896
"tP(UGG)F",0.306570665825214,0.370274191173541,0.772233902623282,0.479484505815813,0.631593988270459,0.697277330334214
"tP(UGG)H",1.69977265996835,1.34368705743284,0.444490161046747,3.02298492787452,0.00250294709044158,0.00449785084512739
"tP(UGG)L",0.254377762503814,-0.429888155303694,0.887370468342454,-0.484451726353589,0.628065316040415,0.694273069105257
"tP(UGG)M",1.16714581205991,0.547940800925961,0.499594645410141,1.09677076397832,0.272741613527778,0.33829598980483
"tP(UGG)N1",1.67453087624008,1.19056735374389,0.443516854529275,2.68437905253339,0.00726646694669774,0.0122125644090725
"tP(UGG)N2",1.47853383389278,0.486764133934176,0.434950877732853,1.11912438588788,0.263087077764463,0.32732429154309
"tP(UGG)O1",0,NA,NA,NA,NA,NA
"tP(UGG)O2",0,NA,NA,NA,NA,NA
"tP(UGG)O3",1.43246898909726,-1.21405218372967,0.459399196999115,-2.64269548501628,0.00822489707038832,0.0137194633722602
"tP(UGG)Q",0,NA,NA,NA,NA,NA
"tQ(CUG)M",0.0679704396075812,-0.287895685621428,2.30181034271989,-0.125073591111439,0.900465290337128,0.926003929402952
"tQ(UUG)B",0.23450289353013,-0.290354143282322,0.951897697626893,-0.305026626292072,0.760345873210766,0.810038603347818
"tQ(UUG)C",0.250670470947585,-0.720700168846264,0.889431015917663,-0.810293497694914,0.417771511577234,0.491592580933937
"tQ(UUG)D1",0.205464895671921,-0.285179634420425,0.969669847423021,-0.294099723919759,0.768681701840852,0.817652918967562
"tQ(UUG)D2",0.0246101932636004,-0.287898914598924,2.9566127034175,-0.0973745780995078,0.922428932511171,0.941731764135403
"tQ(UUG)D3",0.139266828137572,0.000644917376756699,1.51789842206131,0.000424875187551022,0.999660998657784,0.999716654107228
"tQ(UUG)E1",0.410592892031308,1.0801175937368,0.748055521517886,1.44390030240686,0.148767021568941,0.196902631532363
"tQ(UUG)E2",0.261008605114171,0.321157140440476,0.984044090140364,0.326364584329414,0.744148529446679,0.797225042210777
"tQ(UUG)H",0.561391253972718,-0.455498700738698,0.741993055905995,-0.613885395709696,0.53929106149811,0.610965614631999
"tQ(UUG)L",0.184506723677748,0.155333515774689,1.3279659936381,0.116971004166408,0.906883031039729,0.93097274593677
"tQ(UUG)Q",0,NA,NA,NA,NA,NA
"tR(ACG)D",0.470573318429275,0.120919176745951,0.734919103158121,0.164533995954565,0.869310786506041,0.902912411350605
"tR(ACG)E",0.348781643702486,-0.41981209748648,0.863155439487651,-0.486369057392109,0.626705525000425,0.693413797502172
"tR(ACG)J",0.433170188586225,-1.64573365684817,0.740022576657533,-2.22389655229368,0.0261554050958573,0.0402512375065778
"tR(ACG)K",0.499958603372284,-0.0547588193737801,0.747575029533546,-0.0732485933993102,0.941608298270942,0.955639345501005
"tR(ACG)L",0.212059914914809,-0.720700244163764,1.15735827821417,-0.62271144357806,0.533474161293683,0.605772326764484
"tR(ACG)O",0.121973394203662,-0.287893872319357,1.78926755305386,-0.160900404094396,0.872171844030879,0.905473908102689
"tR(ACG)Q2",0,NA,NA,NA,NA,NA
"tR(CCG)L",0.107081993700123,-1.00923860479322,1.81458126117647,-0.556182644660886,0.578086002353842,0.648614191843432
"tR(CCU)J",0.46674489422746,-1.67000168132179,0.73222912620065,-2.28070916816297,0.0225656622910076,0.0351038423563639
"tR(UCU)B",0.388453416349017,0.123350557183298,0.783953655485952,0.157344195438232,0.874973591094101,0.907697682572209
"tR(UCU)D",0.899667660953881,-1.30918701863753,0.578301709821907,-2.26384773968713,0.0235834811388512,0.0365796542850411
"tR(UCU)E",0.664762969336053,-0.336946887892351,0.622236052202376,-0.541509748108845,0.588156280477145,0.657339894947568
"tR(UCU)G1",1.92333960972189,-0.504649894838131,0.379685730793788,-1.32912525783649,0.183806648531406,0.238427858048421
"tR(UCU)G2",0,NA,NA,NA,NA,NA
"tR(UCU)G3",0.567084085025308,-1.89258439549649,0.678093404846995,-2.79103790417124,0.00525393191560623,0.00900169306287802
"tR(UCU)J1",0.603593567928423,-0.00748142754859223,0.693999870867686,-0.0107801569750128,0.991398845779509,0.995305408656924
"tR(UCU)J2",0.458083146460461,0.42961457527358,0.721616630948376,0.595350158031924,0.551609434615009,0.622971810986151
"tR(UCU)K",0.862334233954503,0.0920143339343809,0.596747338530223,0.154193119924105,0.877457466822351,0.909002677828832
"tR(UCU)M1",1.13354916758286,0.1290530059251,0.470545373235776,0.274262617944041,0.783882809984932,0.829972271800269
"tR(UCU)M2",0.638689544231755,-0.00708795756692882,0.65109278018094,-0.0108862481395648,0.99131420224427,0.995305408656924
"tR(UCU)Q1",0,NA,NA,NA,NA,NA
"tS(AGA)A",0.155917649047715,-0.432162009414938,1.32477900012135,-0.326214417178527,0.744262134187761,0.797225042210777
"tS(AGA)B",0.464304005826777,-0.294919486399541,0.746581227963932,-0.395026656649058,0.692823215319605,0.752555013134938
"tS(AGA)D1",0.354300434532172,-0.429247041360994,0.780785654596041,-0.549762971225535,0.582481959296082,0.652482233837771
"tS(AGA)D2",0.126658316355489,0.148753433443653,1.37061145340268,0.108530709468652,0.91357472174687,0.936180320099459
"tS(AGA)D3",0.155017569237138,-0.432162252649464,1.50893886543503,-0.286401432522497,0.774570677641835,0.822518013506975
"tS(AGA)E",0.154412104428326,-1.00923862579471,1.50994096607892,-0.668396082010768,0.503880795787862,0.577218317106529
"tS(AGA)G",0.354963663475803,0.00587892850082426,0.883102174273062,0.00665713285743361,0.994688415706486,0.997631190572005
"tS(AGA)H",0.194785905649725,-0.720700245351381,1.17267205053822,-0.614579536555511,0.538832431967456,0.61054658203
"tS(AGA)J",0.826394084345285,-0.175700237270087,0.555359217665747,-0.316372235629005,0.751719988265598,0.802713722334531
"tS(AGA)L",0.090826345069571,-0.864969860711816,2.17217660253376,-0.398204206648235,0.690479665370931,0.750537338823414
"tS(AGA)M",0.358930071388474,0.308231706794099,0.873233173228838,0.352977550834895,0.724105270510448,0.779030365317699
"tS(CGA)C",0.505590747234876,-0.457164409355635,0.723785983836402,-0.631629265508088,0.527629158640626,0.599743174075245
"tS(GCU)F",0.935656186421451,0.351452105649411,0.551292461409781,0.637505734706888,0.523795475728753,0.596061055010437
"tS(GCU)L",0.639383599347644,0.101794363378559,0.659496369615999,0.154351666011187,0.877332461791662,0.909002677828832
"tS(GCU)O",1.2314161783465,-0.683938711739793,0.476499689000327,-1.43533926155264,0.151190444904682,0.199853779880728
"tS(GCU)Q1",0,NA,NA,NA,NA,NA
"tS(UGA)E",2.43137195507555,0.124423474694741,0.343491151743141,0.362231964530438,0.71717869492309,0.77339273277566
"tS(UGA)I",2.37181040844272,0.770667736758613,0.342236676375536,2.25185606908174,0.0243313690839715,0.0376124691974471
"tS(UGA)P",0.797696511012888,0.548413585557996,0.618275887870155,0.887004646820659,0.375076398696039,0.448118402537476
"tS(UGA)Q2",0,NA,NA,NA,NA,NA
"tT(AGU)B",0.398131061718595,-0.063629369325943,0.784069693908043,-0.0811526957620244,0.935320518686785,0.951926297979937
"tT(AGU)C",0.305317294685736,0.164119752472838,0.848462659885482,0.193431909537409,0.846620727109184,0.883748707402743
"tT(AGU)D",1.04041878398042,0.457804713486246,0.544761521650899,0.84037637625152,0.400697390376172,0.474259695181983
"tT(AGU)H",0.407853510099352,-0.633782100006284,0.843190612402089,-0.751647481227002,0.452263081426474,0.525881970441635
"tT(AGU)I1",1.64663697432027,0.270155518545374,0.411973938882782,0.655758758134069,0.511979356067105,0.584749443475788
"tT(AGU)I2",0.142796912171975,-0.720700446390609,1.53010930647964,-0.47101239325754,0.637631884723217,0.702590058467245
"tT(AGU)J",0.0481971628913816,-0.720702380527292,2.95544440778822,-0.243855840640442,0.807342470878886,0.850621665978842
"tT(AGU)N1",1.53837395988153,-0.458776196255258,0.422273211024214,-1.08644399947254,0.277282604125116,0.343494873721714
"tT(AGU)N2",0.228299690652999,0.42684516884463,0.895276534693423,0.476774663809096,0.633522589125582,0.698733668525714
"tT(AGU)O1",0.243373594387695,-0.720700168616587,0.892748158859509,-0.8072827274573,0.419503612971452,0.492348030736761
"tT(AGU)O2",0.309106447523714,0.689317390671363,0.808693906908661,0.852383559196544,0.39400124215954,0.467299059450944
"tT(CGU)K",0.0170647024823914,-0.287898914598924,2.9566127034175,-0.0973745780995078,0.922428932511171,0.941731764135403
"tT(UGU)G1",0.0876379409154628,-0.432163098763345,1.88249081805638,-0.229569830895399,0.818426052229492,0.859666027376191
"tT(UGU)G2",0.178585133734495,-0.864969511748239,1.31500572439374,-0.657768628457507,0.510686815799788,0.583498451680904
"tT(UGU)H",0,NA,NA,NA,NA,NA
"tT(UGU)P",0,NA,NA,NA,NA,NA
"tT(UGU)Q1",0,NA,NA,NA,NA,NA
"tT(XXX)Q2",0,NA,NA,NA,NA,NA
"tV(AAC)E1",0.588941231525237,-0.230536927309225,0.679961202322242,-0.339044237409255,0.734576405044005,0.78893849965616
"tV(AAC)E2",1.14458451710517,-0.198657742637086,0.487566278177653,-0.407447667175829,0.683679223243763,0.743679534581569
"tV(AAC)G1",1.37362651299174,0.530496218305379,0.441720713358316,1.20097654980252,0.229760297932099,0.290270172539009
"tV(AAC)G2",1.64897643958353,-0.162535057636871,0.436479520444723,-0.372377282378028,0.709611965743861,0.766916058499924
"tV(AAC)G3",1.90410275620229,0.462250163089883,0.378850061560297,1.22014012927991,0.222411758343805,0.281970233255996
"tV(AAC)H",0.304106087513293,0.258083091389999,0.802560471203956,0.32157463599327,0.747774961513266,0.799866888547622
"tV(AAC)J",0.797106426354595,-0.0013624947385136,0.561070390953359,-0.00242838467415555,0.998062431265125,0.998497886078068
"tV(AAC)K1",0.591308716461576,0.580699627711087,0.665312605210896,0.872822223963444,0.382759984189537,0.455773919203708
"tV(AAC)K2",1.31817757234375,-0.839844860900333,0.474747940591017,-1.76903318391398,0.0768883369702755,0.108406409104022
"tV(AAC)L",1.1816481238154,-0.710794108217768,0.470488509014972,-1.51075763721819,0.130850211554607,0.175290867630796
"tV(AAC)M1",0.553334609371063,-0.0584210354005838,0.726804222362193,-0.0803807044635886,0.935934472849172,0.952269374164983
"tV(AAC)M2",1.66838123362228,-0.812640363071758,0.415937943414011,-1.95375386145736,0.0507303331254543,0.0740764087391212
"tV(AAC)M3",0.350409443815727,-0.0338718495296933,0.753806089612115,-0.044934433399341,0.964159570669449,0.973356866251121
"tV(AAC)O",1.66171553143089,-1.27916230723136,0.432641057183221,-2.95663642179398,0.00311014613426657,0.00549992166005649
"tV(CAC)D",0.630971218979314,-0.0079561588831147,0.662822823625204,-0.0120034473761778,0.990422864646022,0.994615895751823
"tV(CAC)H",0.147974275411318,-0.00895031874925451,1.35525398922355,-0.00660416336747499,0.994730678315654,0.997631190572005
"tV(UAC)B",0.446636745795197,-0.443482035100141,0.769028515117958,-0.576678271848109,0.564156813114871,0.63495332418475
"tV(UAC)D",0.583626439684735,-0.434610916089033,0.706509543359326,-0.615152222887941,0.538454196561901,0.610419647025266
"tV(UAC)Q",0,NA,NA,NA,NA,NA
"tW(CCA)G1",0.731818326400945,-0.954709558812484,0.592993797820409,-1.60998236798022,0.107401705588859,0.14682359553771
"tW(CCA)G2",0.174118974858709,-0.287892527459576,1.17323016187673,-0.245384526254469,0.806158709084409,0.849764903431144
"tW(CCA)J",0.289046446090318,-1.44636317364276,0.88968067860982,-1.62571044692439,0.104011266621759,0.142927187992625
"tW(CCA)K",1.20792898977932,-0.816326733670097,0.459793357415889,-1.77542089398155,0.0758284165920415,0.107043644107665
"tW(CCA)M",0.38010762989463,-0.71725430979625,0.810194396643995,-0.885286682760676,0.376002030683564,0.448970312284714
"tW(CCA)P",1.34781184377362,-1.01849172135256,0.478284820470957,-2.12946695726131,0.0332156458651275,0.0501845877237453
"tW(UCA)Q",0,NA,NA,NA,NA,NA
"tX(XXX)D",0.117512484463563,-0.287893355052434,1.56319497988708,-0.184169830863473,0.853880226110346,0.89024584350001
"tY(GUA)D",0.336784129971708,-0.718415641706542,0.889209885718903,-0.807925837583016,0.419133276386577,0.49226870552557
"tY(GUA)F1",0.31199070673252,-0.15312492856431,0.879484702066744,-0.174107552075067,0.861780938152803,0.896851902201684
"tY(GUA)F2",0.147609457705634,-0.432162024318569,1.33679280168705,-0.323282728462612,0.746481133024644,0.798731328989971
"tY(GUA)J1",0.0725344944338435,-0.576433590093443,2.7106189856156,-0.212657549125271,0.831594080230178,0.871848090024257
"tY(GUA)J2",0.167928425953932,0.427216475322266,1.19613090064018,0.357165319526163,0.720968046904399,0.776626980842463
"tY(GUA)M1",0.317543168455363,-0.581692338855486,0.853227284467012,-0.681755435445145,0.495393607796503,0.568537308647338
"tY(GUA)M2",0.0246101932636004,-0.287898914598924,2.9566127034175,-0.0973745780995078,0.922428932511171,0.941731764135403
"tY(GUA)O",0.13973156414675,-0.143624133192823,1.53575454853141,-0.0935202395006195,0.925490271360365,0.944436667658797
"tY(GUA)Q",0,NA,NA,NA,NA,NA
